"player_id" "gsis_name" "first_name" "last_name" "team" "position" "birthdate" "college" "X"
"1" "00-0034339" "" "Trey" "Quinn" "WAS" "WR" "" "Southern Methodist" ""
"2" "00-0035406" "" "Lil Jordan" "Humphrey" "NO" "WR" "" "Texas" ""
"3" "00-0033562" "" "Ryan" "Switzer" "PIT" "WR" "" "North Carolina" ""
"4" "00-0033382" "" "Austin" "Carr" "NO" "WR" "" "Northwestern" ""
"5" "00-0035208" "" "Olamide" "Zaccheaus" "ATL" "WR" "" "Virginia" ""
"6" "00-0034279" "" "Equanimious" "St. Brown" "GB" "WR" "" "Notre Dame" ""
"7" "00-0034309" "" "Chad" "Beebe" "MIN" "WR" "" "Northern Illinois" ""
"8" "00-0034272" "" "Marquez" "Valdes-Scantling" "GB" "WR" "" "South Florida" ""
"9" "00-0035527" "" "Andy" "Isabella" "ARI" "WR" "" "Massachusetts" ""
"10" "00-0034960" "" "Jakobi" "Meyers" "NE" "WR" "" "North Carolina State" ""
"11" "00-0034317" "" "Keith" "Kirkwood" "CAR" "WR" "" "Temple" ""
"12" "00-0033733" "" "Greg" "Ward" "PHI" "WR" "" "Houston" ""
"13" "00-0033375" "" "Tim" "Patrick" "DEN" "WR" "" "Utah" ""
"14" "00-0033555" "" "Mack" "Hollins" "MIA" "WR" "" "North Carolina" ""
"15" "00-0033292" "" "Trent" "Taylor" "SF" "WR" "" "Louisiana Tech" ""
"16" "00-0034273" "" "Damion" "Ratley" "CLE" "WR" "" "Texas A&M" ""
"17" "00-0034653" "" "Deontay" "Burnett" "PHI" "WR" "" "USC" ""
"18" "00-0033460" "" "John" "Ross III" "CIN" "WR" "" "Washington" ""
"19" "00-0035703" "" "Myles" "Boykin" "BAL" "WR" "" "Notre Dame" ""
"20" "00-0034411" "" "Russell" "Gage" "ATL" "WR" "" "LSU" ""
"21" "00-0034676" "" "James" "Washington" "PIT" "WR" "" "Oklahoma State" ""
"22" "00-0033943" "" "Josh" "Reynolds" "LA" "WR" "" "Texas A&M" ""
"23" "00-0034860" "" "Dante" "Pettis" "SF" "WR" "" "Washington" ""
"24" "00-0034777" "" "D.J." "Chark" "JAX" "WR" "" "LSU" ""
"25" "00-0033251" "" "Zach" "Pascal" "IND" "WR" "" "Old Dominion" ""
"26" "00-0035640" "" "D.K." "Metcalf" "SEA" "WR" "" "Mississippi" ""
"27" "00-0035216" "" "Diontae" "Johnson" "PIT" "WR" "" "Toledo" ""
"28" "00-0035662" "" "Marquise" "Brown" "BAL" "WR" "" "Oklahoma" ""
"29" "00-0034775" "" "Christian" "Kirk" "ARI" "WR" "" "Texas A&M" ""
"30" "00-0034983" "" "Hunter" "Renfrow" "OAK" "WR" "" "Clemson" ""
"31" "00-0034510" "" "Reuben" "Foster" "NYG" "WR" "" "LSU" ""
"32" "00-0034521" "" "Allen" "Lazard" "GB" "WR" "" "Iowa State" ""
"33" "00-0033839" "" "Dede" "Westbrook" "JAX" "WR" "" "Oklahoma" ""
"34" "00-0035535" "" "Darius" "Slayton" "NYG" "WR" "" "Auburn" ""
"35" "00-0033681" "" "Keelan" "Cole" "JAX" "WR" "" "Kentucky Wesleyan" ""
"36" "00-0035140" "" "Mecole" "Hardman" "KC" "WR" "" "Georgia" ""
"37" "00-0034353" "" "Anthony" "Miller" "CHI" "WR" "" "Memphis" ""
"38" "00-0035719" "" "Deebo" "Samuel" "SF" "WR" "" "South Carolina" ""
"39" "00-0033307" "" "Kendrick" "Bourne" "SF" "WR" "" "Eastern Washington" ""
"40" "00-0034765" "" "Tre'Quan" "Smith" "NO" "WR" "" "Central Florida" ""
"41" "00-0033871" "" "Corey" "Davis" "TEN" "WR" "" "Western Michigan" ""
"42" "00-0035659" "" "Terry" "McLaurin" "WAS" "WR" "" "Ohio State" ""
"43" "00-0035676" "" "A.J." "Brown" "TEN" "WR" "" "Mississippi" ""
"44" "00-0034764" "" "Michael" "Gallup" "DAL" "WR" "" "Colorado State" ""
"45" "00-0034827" "" "D.J." "Moore" "CAR" "WR" "" "Maryland" ""
"46" "00-0033536" "" "Mike" "Williams" "LAC" "WR" "" "Clemson" ""
"47" "00-0034348" "" "Courtland" "Sutton" "DEN" "WR" "" "Southern Methodist" ""
"48" "00-0034753" "" "Mark" "Andrews" "BAL" "TE" "" "Oklahoma" ""
"49" "00-0034837" "" "Calvin" "Ridley" "ATL" "WR" "" "Alabama" ""
"50" "00-0033857" "" "Juju" "Smith-Schuster" "PIT" "WR" "" "USC" ""
"51" "00-0033932" "" "Kenny" "Golladay" "DET" "WR" "" "Northern Illinois" ""
"52" "00-0033288" "" "George" "Kittle" "SF" "TE" "" "Iowa" ""
"53" "00-0033921" "" "Chris" "Godwin" "TB" "WR" "" "Penn State" ""
"54" "00-0033908" "" "Cooper" "Kupp" "LA" "WR" "" "Eastern Washington" ""
"55" "00-0034975" "" "Justice" "Hill" "BAL" "RB" "" "Oklahoma State" ""
"56" "00-0034400" "" "Jordan" "Wilkins" "IND" "RB" "" "Mississippi" ""
"57" "00-0033936" "" "C.J." "Beathard" "SF" "QB" "" "Iowa" ""
"58" "00-0033282" "" "Curtis" "Samuel" "CAR" "WR" "" "Ohio State" ""
"59" "00-0035250" "" "Devin" "Singletary" "BUF" "RB" "" "Florida Atlantic" ""
"60" "00-0034750" "" "Rashaad" "Penny" "SEA" "RB" "" "San Diego State" ""
"61" "00-0033950" "" "Wayne" "Gallman" "NYG" "RB" "" "Clemson" ""
"62" "00-0035243" "" "Miles" "Sanders" "PHI" "RB" "" "Penn State" ""
"63" "00-0033295" "" "Elijah" "McGuire" "KC" "RB" "" "Louisiana-Lafayette" ""
"64" "00-0033526" "" "Samaje" "Perine" "CIN" "RB" "" "Oklahoma" ""
"65" "00-0034816" "" "Ronald" "Jones II" "TB" "RB" "" "USC" ""
"66" "00-0034349" "" "Kerryon" "Johnson" "DET" "RB" "" "Auburn" ""
"67" "00-0035700" "" "Josh" "Jacobs" "OAK" "RB" "" "Alabama" ""
"68" "00-0035685" "" "David" "Montgomery" "CHI" "RB" "" "Iowa State" ""
"69" "00-0033556" "" "Tarik" "Cohen" "CHI" "RB" "" "North Carolina A&T" ""
"70" "00-0034838" "" "Royce" "Freeman" "DEN" "RB" "" "Oregon" ""
"71" "00-0034184" "" "Gus" "Edwards" "BAL" "RB" "" "Rutgers" ""
"72" "00-0033699" "" "Austin" "Ekeler" "LAC" "RB" "" "Western Colorado State" ""
"73" "00-0033553" "" "James" "Conner" "PIT" "RB" "" "Pittsburgh" ""
"74" "00-0033948" "" "Jonathan" "Williams" "BUF" "RB" "" "Arkansas" ""
"75" "00-0033308" "" "Matt" "Breida" "MIA" "RB" "" "Georgia Southern" ""
"76" "00-0034109" "" "Phillip" "Lindsay" "DEN" "RB" "" "Colorado" ""
"77" "00-0033293" "" "Aaron" "Jones" "GB" "RB" "" "Texas-El Paso" ""
"78" "00-0034845" "" "Sony" "Michel" "NE" "RB" "" "Georgia" ""
"79" "00-0033893" "" "Dalvin" "Cook" "MIN" "RB" "" "Florida State" ""
"80" "00-0034844" "" "Saquon" "Barkley" "NYG" "RB" "" "Penn State" ""
"81" "00-0033906" "" "Alvin" "Kamara" "NO" "RB" "" "Tennessee" ""
"82" "00-0034791" "" "Nick" "Chubb" "CLE" "RB" "" "Georgia" ""
"83" "00-0033923" "" "Kareem" "Hunt" "KC" "RB" "" "Toledo" ""
"84" "00-0033951" "" "Marlon" "Mack" "IND" "RB" "" "South Florida" ""
"85" "00-0033594" "" "Chris" "Carson" "SEA" "RB" "" "Oklahoma State" ""
"86" "00-0033280" "" "Christian" "McCaffrey" "CAR" "RB" "" "Stanford" ""
"87" "00-0033856" "" "Leonard" "Fournette" "JAX" "RB" "" "LSU" ""
"88" "00-0033897" "" "Joe" "Mixon" "CIN" "RB" "" "Oklahoma" ""
"89" "00-0034869" "" "Sam" "Darnold" "NYJ" "QB" "" "USC" ""
"90" "00-0035251" "" "Will" "Grier" "CAR" "QB" "" "West Virginia" ""
"91" "00-0035577" "" "Devlin" "Hodges" "PIT" "QB" "" "Samford" ""
"92" "00-0034771" "" "Mason" "Rudolph" "PIT" "QB" "" "Oklahoma State" ""
"93" "00-0033869" "" "Mitch" "Trubisky" "CHI" "QB" "" "North Carolina" ""
"94" "00-0035264" "" "Jarrett" "Stidham" "NE" "QB" "" "Auburn" ""
"95" "00-0034577" "" "Kyle" "Allen" "CAR" "QB" "" "Texas A&M" ""
"96" "00-0034855" "" "Baker" "Mayfield" "CLE" "QB" "" "Oklahoma" ""
"97" "00-0033319" "" "Nick" "Mullens" "SF" "QB" "" "Southern Mississippi" ""
"98" "00-0035289" "" "Gardner" "Minshew II" "JAX" "QB" "" "Washington State" ""
"99" "00-0033400" "" "Gardner" "Minshew" "JAX" "QB" "" "Washington State" ""
"100" "00-0035228" "" "Kyler" "Murray" "ARI" "QB" "" "Oklahoma" ""
"101" "00-0034857" "Jos.Allen" "Josh" "Allen" "BUF" "QB" "" "Wyoming" ""
"102" "00-0035704" "" "Drew" "Lock" "DEN" "QB" "" "Missouri" ""
"103" "00-0033106" "" "Jared" "Goff" "LA" "QB" "" "California" ""
"104" "00-0033537" "" "Deshaun" "Watson" "HOU" "QB" "" "Clemson" ""
"105" "00-0031345" "" "Jimmy" "Garoppolo" "SF" "QB" "" "Eastern Illinois" ""
"106" "00-0033873" "" "Patrick" "Mahomes" "KC" "QB" "" "Texas Tech" ""
"107" "00-0034796" "" "Lamar" "Jackson" "BAL" "QB" "" "Louisville" ""
"108" "00-0029808" "" "Quincy" "McDuffie" "UNK" "WR" "9/24/90" "Central Florida" ""
"109" "00-0030261" "" "Marcus" "Davis" "UNK" "WR" "12/21/89" "Virginia Tech" ""
"110" "00-0029816" "" "Tyrone" "Goard" "UNK" "WR" "4/30/90" "Eastern Kentucky" ""
"111" "00-0031405" "D.Bronson" "Demitrius" "Bronson" "UNK" "UNK" "3/6/90" "Eastern Washington" ""
"112" "00-0031404" "A.Phillips" "Adrian" "Phillips" "SD" "CB" "3/28/92" "Texas" ""
"113" "00-0030191" "S.Benton" "" "" "UNK" "UNK" "" "" ""
"114" "00-0031407" "B.Bortles" "Blake" "Bortles" "UNK" "UNK" "4/28/92" "Central Florida" ""
"115" "00-0032211" "" "Tyler" "Lockett" "SEA" "WR" "9/28/92" "Kansas State" ""
"116" "00-0032212" "" "Dexter" "McDonald" "OAK" "CB" "11/30/91" "Kansas" ""
"117" "00-0032215" "" "Damien" "Wilson" "DAL" "ILB" "5/28/93" "Minnesota" ""
"118" "00-0032217" "" "Donovan" "Smith" "TB" "OT" "6/23/93" "Penn State" ""
"119" "00-0027447" "R.McCoy" "Rico" "McCoy" "UNK" "UNK" "11/6/87" "Tennessee" ""
"120" "00-0032817" "" "Mitch" "Mathews" "UNK" "UNK" "4/15/91" "Brigham Young" ""
"121" "00-0032815" "" "Chris" "Hubert" "ARI" "WR" "5/8/93" "Fayetteville State" ""
"122" "00-0032814" "" "Vernon" "Harris" "KC" "DB" "6/25/94" "Dartmouth" ""
"123" "00-0032813" "" "Elijhaa" "Penny" "ARI" "RB" "8/17/93" "Idaho" ""
"124" "00-0032811" "" "Jake" "Bernstein" "UNK" "UNK" "6/18/93" "Vanderbilt" ""
"125" "00-0032810" "" "Kalan" "Reed" "TEN" "DB" "12/29/93" "Southern Mississippi" ""
"126" "00-0032819" "" "Shakiel" "Randolph" "KC" "DB" "2/14/94" "Southern Methodist" ""
"127" "00-0031544" "" "Amari" "Cooper" "OAK" "WR" "6/17/94" "Alabama" ""
"128" "00-0031545" "" "Kevin" "White" "CHI" "WR" "6/25/92" "West Virginia" ""
"129" "00-0028095" "D.Hogue" "Doug" "Hogue" "UNK" "UNK" "2/1/89" "Syracuse" ""
"130" "00-0031542" "" "Terrance" "Plummer" "UNK" "UNK" "6/20/93" "Central Florida" ""
"131" "00-0028098" "N.Enderle" "Nathan" "Enderle" "UNK" "UNK" "1/12/88" "Idaho" ""
"132" "00-0025515" "" "" "" "UNK" "UNK" "" "" ""
"133" "00-0028099" "J.Vandervelde" "Julian" "Vandervelde" "UNK" "UNK" "10/7/87" "Iowa" ""
"134" "00-0031548" "" "Kevin" "Johnson" "HOU" "CB" "8/5/92" "Wake Forest" ""
"135" "00-0031549" "" "Nelson" "Agholor" "PHI" "WR" "5/24/93" "USC" ""
"136" "00-0031896" "" "Quayshawn" "Nealy" "UNK" "UNK" "8/5/91" "Georgia Tech" ""
"137" "00-0029321" "" "Justin" "Cheadle" "UNK" "UNK" "3/11/89" "California" ""
"138" "00-0024183" "B.Grimes" "Brent" "Grimes" "TB" "DB" "7/19/83" "Shippensburg" ""
"139" "00-0024187" "S.Williams" "Steve" "Williams" "UNK" "UNK" "9/21/81" "Northwest Missouri State" ""
"140" "00-0025589" "M.Richardson" "Mike" "Richardson" "UNK" "UNK" "2/18/84" "Notre Dame" ""
"141" "00-0025588" "R.Barksdale" "Rashad" "Barksdale" "UNK" "UNK" "5/11/84" "Albany" ""
"142" "00-0023631" "" "" "" "UNK" "UNK" "" "" ""
"143" "00-0026694" "A.Mortensen" "" "" "UNK" "UNK" "" "" ""
"144" "00-0025580" "M.Crosby" "Mason" "Crosby" "GB" "K" "9/3/84" "Colorado" ""
"145" "00-0026774" "T.Bright" "" "" "UNK" "UNK" "" "" ""
"146" "00-0027425" "S.Sicko" "" "" "UNK" "UNK" "" "" ""
"147" "00-0025583" "H.Taylor" "Herb" "Taylor" "UNK" "UNK" "9/22/84" "Texas Christian" ""
"148" "00-0027241" "C.Eason" "" "" "UNK" "UNK" "" "" ""
"149" "00-0029347" "T.Gray" "" "" "UNK" "UNK" "" "" ""
"150" "00-0025582" "D.Anderson" "Deon" "Anderson" "UNK" "UNK" "1/27/83" "Connecticut" ""
"151" "00-0025585" "D.Datish" "Doug" "Datish" "UNK" "UNK" "8/1/83" "Ohio State" ""
"152" "00-0025584" "C.Taylor" "Courtney" "Taylor" "UNK" "UNK" "4/7/84" "Auburn" ""
"153" "00-0025587" "M.Purcell" "Melila" "Purcell" "UNK" "UNK" "2/5/84" "Hawaii" ""
"154" "00-0022122" "E.Steinbach" "Eric" "Steinbach" "UNK" "UNK" "4/4/80" "Iowa" ""
"155" "00-0022123" "C.Tillman" "Charles" "Tillman" "UNK" "UNK" "2/23/81" "Louisiana-Lafayette" ""
"156" "00-0022120" "C.Pace" "Calvin" "Pace" "UNK" "UNK" "10/28/80" "Wake Forest" ""
"157" "00-0032285" "J.Chisholm" "" "" "UNK" "UNK" "" "" ""
"158" "00-0022121" "R.Grossman" "Rex" "Grossman" "UNK" "UNK" "8/23/80" "Florida" ""
"159" "00-0029845" "" "Travis" "Tannahill" "UNK" "WR" "2/8/90" "Kansas State" ""
"160" "00-0016271" "H.Thomas" "Hollis" "Thomas" "UNK" "UNK" "1/10/74" "Northern Illinois" ""
"161" "00-0022127" "J.Witten" "Jason" "Witten" "DAL" "TE" "5/6/82" "Tennessee" ""
"162" "00-0022128" "L.Briggs" "Lance" "Briggs" "UNK" "UNK" "11/12/80" "Arizona" ""
"163" "00-0026720" "R.Murray" "Rico" "Murray" "UNK" "UNK" "8/21/87" "Kent State" ""
"164" "00-0026721" "T.Nelson" "Tom" "Nelson" "UNK" "UNK" "12/4/86" "Illinois State" ""
"165" "00-0026722" "G.Orton" "Greg" "Orton" "UNK" "UNK" "12/17/86" "Purdue" ""
"166" "00-0026723" "C.Pressley" "Chris" "Pressley" "UNK" "UNK" "8/8/86" "Wisconsin" ""
"167" "00-0026725" "D.Skuta" "Dan" "Skuta" "UNK" "UNK" "4/21/86" "Grand Valley State" ""
"168" "00-0026726" "M.Garvin" "Michael Ray" "Garvin" "UNK" "UNK" "9/29/86" "Florida State" ""
"169" "00-0026727" "R.Walker" "Reggie" "Walker" "UNK" "UNK" "12/15/86" "Kansas State" ""
"170" "00-0026728" "J.Dowling" "Jameel" "Dowling" "UNK" "UNK" "12/29/84" "Hawaii" ""
"171" "00-0030942" "" "Tyler" "Scott" "UNK" "UNK" "5/6/91" "Northwestern" ""
"172" "00-0030941" "" "Antonio" "Richardson" "UNK" "UNK" "2/24/92" "Tennessee" ""
"173" "00-0030946" "K.Hyder" "Kerry" "Hyder" "DET" "DE" "5/2/91" "Texas Tech" ""
"174" "00-0033023" "" "Joe" "Hansley" "UNK" "UNK" "2/7/94" "Colorado State" ""
"175" "00-0033022" "" "Chris" "Edwards" "UNK" "UNK" "12/23/92" "Idaho" ""
"176" "00-0026584" "I.Johnson" "Ian" "Johnson" "UNK" "UNK" "9/25/85" "Boise State" ""
"177" "00-0026585" "T.Johnson" "Tremaine" "Johnson" "UNK" "UNK" "9/26/85" "LSU" ""
"178" "00-0026580" "J.Cooper" "Jon" "Cooper" "UNK" "UNK" "10/1/86" "Oklahoma" ""
"179" "00-0026581" "R.Francois" "Rob" "Francois" "UNK" "UNK" "5/14/85" "Boston College" ""
"180" "00-0026583" "D.Hall" "De'von" "Hall" "UNK" "UNK" "9/8/87" "Utah State" ""
"181" "00-0026588" "N.Moore" "Nick" "Moore" "UNK" "UNK" "6/25/86" "Toledo" ""
"182" "00-0026589" "V.Perretta" "Vinny" "Perretta" "UNK" "UNK" "10/14/85" "Boise State" ""
"183" "00-0023363" "R.Lloyd" "Rhys" "Lloyd" "UNK" "UNK" "6/5/82" "Minnesota" ""
"184" "00-0023362" "C.Kemoeatu" "Chris" "Kemoeatu" "UNK" "UNK" "1/4/83" "Utah" ""
"185" "00-0026616" "J.Williams" "Johnny" "Williams" "UNK" "UNK" "2/20/86" "Kentucky" ""
"186" "00-0023367" "N.Washington" "Nate" "Washington" "UNK" "UNK" "8/28/83" "Tiffin University" ""
"187" "00-0026788" "C.Obiozor" "Cyril" "Obiozor" "UNK" "UNK" "9/26/86" "Texas A&M" ""
"188" "00-0029853" "J.Aubrey" "Josh" "Aubrey" "UNK" "UNK" "4/9/91" "Stephen F. Austin St." ""
"189" "00-0029852" "M.Burdette" "Marvin" "Burdette" "UNK" "UNK" "9/9/90" "Alabama-Birmingham" ""
"190" "00-0029850" "C.Reeves" "Chip" "Reeves" "UNK" "UNK" "12/24/89" "Troy" ""
"191" "00-0029857" "R.Griffin" "Ryan" "Griffin" "TB" "QB" "11/17/89" "Tulane" ""
"192" "00-0029856" "L.Thomas" "Lamaar" "Thomas" "UNK" "UNK" "4/23/90" "New Mexico" ""
"193" "00-0029854" "C.Anderson" "C.J." "Anderson" "DEN" "RB" "2/10/91" "California" ""
"194" "00-0023299" "I.Ndukwe" "Ike" "Ndukwe" "UNK" "UNK" "7/17/82" "Northwestern" ""
"195" "00-0023298" "L.Ladouceur" "L.P." "LaDouceur" "DAL" "LS" "3/13/81" "California" ""
"196" "00-0027451" "J.Ruffin" "James" "Ruffin" "UNK" "UNK" "2/6/87" "Northern Iowa" ""
"197" "00-0027450" "P.Parker" "Preston" "Parker" "UNK" "UNK" "2/13/87" "North Alabama" ""
"198" "00-0027981" "K.Rudolph" "Kyle" "Rudolph" "MIN" "TE" "11/9/89" "Notre Dame" ""
"199" "00-0030138" "" "Marcus" "Rucker" "UNK" "WR" "5/19/90" "Memphis" ""
"200" "00-0027452" "J.Williams" "James" "Williams" "UNK" "UNK" "7/3/88" "Harvard" ""
"201" "00-0027455" "C.Chancellor" "Chris" "Chancellor" "UNK" "UNK" "12/22/86" "Clemson" ""
"202" "00-0031853" "D.Gardner" "" "" "UNK" "UNK" "" "" ""
"203" "00-0027986" "S.Wisniewski" "Stefen" "Wisniewski" "PHI" "C" "3/22/89" "Penn State" ""
"204" "00-0027457" "S.Miller" "Swanson" "Miller" "UNK" "UNK" "3/24/86" "Oklahoma State" ""
"205" "00-0027456" "J.Haggerty" "Johnathan" "Haggerty" "UNK" "UNK" "2/5/88" "Southwestern Oklahoma State" ""
"206" "00-0027459" "J.Reinders" "Joel" "Reinders" "UNK" "UNK" "10/2/87" "Waterloo (Canada)" ""
"207" "00-0027989" "D.Bowers" "Da'Quan" "Bowers" "UNK" "UNK" "2/23/90" "Clemson" ""
"208" "00-0025966" "C.Balogh" "Cody" "Balogh" "UNK" "UNK" "2/14/86" "Montana" ""
"209" "00-0028775" "T.Evans" "Tae" "Evans" "UNK" "UNK" "2/27/88" "West Texas A&M" ""
"210" "00-0032772" "" "Ryan" "Smith" "TB" "CB" "9/7/93" "North Carolina Central" ""
"211" "00-0032773" "" "Nick" "Kwiatkoski" "CHI" "ILB" "5/26/93" "West Virginia" ""
"212" "00-0027189" "C.Bryan" "Chris" "Bryan" "UNK" "UNK" "3/6/82" "No College" ""
"213" "00-0027188" "C.Hall" "Chad" "Hall" "UNK" "UNK" "5/23/86" "Air Force" ""
"214" "00-0032776" "" "Deiondre'" "Hall" "CHI" "CB" "5/31/94" "Northern Iowa" ""
"215" "00-0027190" "T.Carter" "Todd" "Carter" "UNK" "UNK" "6/7/86" "Grand Valley State" ""
"216" "00-0027679" "D.Smith" "D'Anthony" "Smith" "UNK" "UNK" "6/9/88" "Louisiana Tech" ""
"217" "00-0027678" "J.Jerry" "John" "Jerry" "NYG" "G" "6/14/86" "Mississippi" ""
"218" "00-0027191" "C.Stitser" "Clint" "Stitser" "UNK" "UNK" "5/19/85" "Fresno State" ""
"219" "00-0026502" "R.Jean Francois" "Ricky" "Jean Francois" "WAS" "DE" "11/23/86" "LSU" ""
"220" "00-0030879" "" "Ethan" "Hemer" "UNK" "UNK" "3/3/91" "Wisconsin" ""
"221" "00-0023600" "M.Hawkins" "Mike" "Hawkins" "UNK" "UNK" "7/15/83" "Oklahoma" ""
"222" "00-0023602" "G.Hangartner" "Geoff" "Hangartner" "UNK" "UNK" "4/22/82" "Texas A&M" ""
"223" "00-0023606" "T.Hagler" "Tyjuan" "Hagler" "UNK" "UNK" "12/3/81" "Cincinnati" ""
"224" "00-0026078" "K.Kapanui" "Kolo" "Kapanui" "UNK" "UNK" "11/13/83" "West Texas A&M" ""
"225" "00-0024218" "V.Young" "Vince" "Young" "UNK" "UNK" "5/18/83" "Texas" ""
"226" "00-0024219" "D.Ferguson" "D'Brickashaw" "Ferguson" "UNK" "UNK" "12/10/83" "Virginia" ""
"227" "00-0024217" "R.Bush" "Reggie" "Bush" "BUF" "RB" "3/2/85" "USC" ""
"228" "00-0020550" "D.Dinkins" "Darnell" "Dinkins" "UNK" "UNK" "1/20/77" "Pittsburgh" ""
"229" "00-0024110" "S.Weatherford" "Steve" "Weatherford" "UNK" "UNK" "12/17/82" "Illinois" ""
"230" "00-0021931" "K.Walter" "Kevin" "Walter" "UNK" "UNK" "8/4/81" "Eastern Michigan" ""
"231" "00-0030125" "C.Bykowski" "Carter" "Bykowski" "MIN" "T" "7/25/90" "Iowa State" ""
"232" "00-0030124" "B.Hepburn" "Brandon" "Hepburn" "DAL" "LB" "12/6/89" "Florida A&M" ""
"233" "00-0029477" "" "Tyler" "Holmes" "UNK" "UNK" "7/24/88" "Tulsa" ""
"234" "00-0024373" "M.Anderson" "Mark" "Anderson" "UNK" "UNK" "5/26/83" "Alabama" ""
"235" "00-0030126" "" "T.J." "Johnson" "CIN" "C" "7/17/90" "South Carolina" ""
"236" "00-0030120" "B.Daniels" "B.J." "Daniels" "CHI" "WR" "10/24/89" "South Florida" ""
"237" "00-0030129" "J.Cunningham" "Justice" "Cunningham" "UNK" "UNK" "1/14/91" "South Carolina" ""
"238" "00-0030128" "M.Cox" "Michael" "Cox" "UNK" "UNK" "11/14/88" "Massachusetts" ""
"239" "00-0022915" "I.Olshansky" "Igor" "Olshansky" "UNK" "UNK" "5/3/82" "Oregon" ""
"240" "00-0022914" "C.Gamble" "Chris" "Gamble" "UNK" "UNK" "3/11/83" "Ohio State" ""
"241" "00-0022918" "A.Odom" "Antwan" "Odom" "UNK" "UNK" "9/24/81" "Alabama" ""
"242" "00-0028409" "D.Harris" "DuJuan" "Harris" "SF" "RB" "9/3/88" "Troy" ""
"243" "00-0028403" "J.Dickson" "JoJo" "Dickson" "UNK" "UNK" "7/13/89" "Idaho" ""
"244" "00-0028401" "C.Bradfield" "Cameron" "Bradfield" "UNK" "UNK" "9/14/87" "Grand Valley State" ""
"245" "00-0028400" "A.Binns" "Armon" "Binns" "UNK" "UNK" "9/8/89" "Cincinnati" ""
"246" "00-0028407" "E.Gordon" "Eric" "Gordon" "UNK" "UNK" "8/22/87" "Michigan State" ""
"247" "00-0028406" "T.Gallarda" "Tommy" "Gallarda" "UNK" "UNK" "5/8/88" "Boise State" ""
"248" "00-0028405" "M.Estrada" "Matt" "Estrada" "UNK" "UNK" "10/20/88" "Northern Arizona" ""
"249" "00-0028404" "G.Ellingson" "Greg" "Ellingson" "UNK" "UNK" "12/30/88" "Florida International" ""
"250" "00-0019281" "M.Furrey" "Mike" "Furrey" "UNK" "UNK" "3/12/77" "Northern Iowa" ""
"251" "00-0020450" "C.Rabach" "Casey" "Rabach" "UNK" "UNK" "9/24/77" "Wisconsin" ""
"252" "00-0020457" "S.Neal" "Stephen" "Neal" "UNK" "UNK" "10/9/76" "Cal State-Bakersfield" ""
"253" "00-0028669" "C.Randle" "Chris" "Randle" "UNK" "UNK" "6/18/88" "Utah State" ""
"254" "00-0028668" "R.Radway" "Raymond" "Radway" "UNK" "UNK" "7/5/87" "Abilene Christian" ""
"255" "00-0028667" "L.Leong" "Lyle" "Leong" "UNK" "UNK" "8/23/87" "Texas Tech" ""
"256" "00-0028666" "O.Lemon" "Orie" "Lemon" "UNK" "UNK" "9/9/87" "Oklahoma State" ""
"257" "00-0028665" "K.Kowalski" "Kevin" "Kowalski" "UNK" "UNK" "1/2/89" "Toledo" ""
"258" "00-0028664" "C.Jones" "Chris" "Jones" "DAL" "P" "7/21/89" "Carson-Newman" ""
"259" "00-0028662" "M.Butler" "Mario" "Butler" "BUF" "CB" "10/20/88" "Georgia Tech" ""
"260" "00-0028660" "D.Bailey" "Dan" "Bailey" "DAL" "K" "1/26/88" "Oklahoma State" ""
"261" "00-0029138" "A.Ta'amu" "Alameda" "Ta'amu" "UNK" "UNK" "8/23/90" "Washington" ""
"262" "00-0029134" "B.Brinkley" "Beau" "Brinkley" "TEN" "LS" "1/25/90" "Missouri" ""
"263" "00-0029136" "B.Hernandez" "Brian" "Hernandez" "UNK" "UNK" "4/13/84" "Utah" ""
"264" "00-0029137" "A.Jeffery" "Alshon" "Jeffery" "CHI" "WR" "2/14/90" "South Carolina" ""
"265" "00-0029130" "D.Moses" "Dezman" "Moses" "KC" "LB" "1/4/89" "Tulane" ""
"266" "00-0029133" "N.Stephens" "Nick" "Stephens" "UNK" "UNK" "5/19/87" "Tarleton State" ""
"267" "00-0027860" "J.Haden" "Joe" "Haden" "CLE" "CB" "4/14/89" "Florida" ""
"268" "00-0027861" "C.Spiller" "C.J." "Spiller" "NO" "RB" "8/5/87" "Clemson" ""
"269" "00-0027862" "T.Alualu" "Tyson" "Alualu" "UNK" "UNK" "5/12/87" "California" ""
"270" "00-0027863" "A.Davis" "Anthony" "Davis" "SF" "OT" "10/11/89" "Rutgers" ""
"271" "00-0027864" "R.Mathews" "Ryan" "Mathews" "PHI" "RB" "10/10/87" "Fresno State" ""
"272" "00-0022350" "R.Lilja" "Ryan" "Lilja" "UNK" "UNK" "10/15/81" "Kansas State" ""
"273" "00-0022352" "B.Sapp" "Benny" "Sapp" "UNK" "UNK" "1/20/81" "Northern Iowa" ""
"274" "00-0026448" "M.Spanos" "Matt" "Spanos" "UNK" "UNK" "12/31/84" "USC" ""
"275" "00-0026441" "D.Miller" "Drew" "Miller" "UNK" "UNK" "7/6/85" "Florida" ""
"276" "00-0026443" "P.Smith" "Paul" "Smith" "UNK" "UNK" "7/2/84" "Tulsa" ""
"277" "00-0026442" "L.Myles" "Lamar" "Myles" "UNK" "UNK" "1/7/86" "Louisville" ""
"278" "00-0026113" "C.Smith" "Clifton" "Smith" "UNK" "UNK" "7/4/85" "Fresno State" ""
"279" "00-0026444" "B.Witherspoon" "Brian" "Witherspoon" "UNK" "UNK" "6/5/85" "Stillman" ""
"280" "00-0026447" "E.Brock" "Eric" "Brock" "UNK" "UNK" "4/4/85" "Auburn" ""
"281" "00-0026110" "C.Bradwell" "Chris" "Bradwell" "UNK" "UNK" "12/17/83" "Troy" ""
"282" "00-0027248" "J.Cudjo" "Jermelle" "Cudjo" "NYG" "DT" "9/28/86" "Central Oklahoma" ""
"283" "00-0027244" "J.Miles" "Jeromy" "Miles" "UNK" "UNK" "7/20/87" "Massachusetts" ""
"284" "00-0027245" "V.Rey" "Vincent" "Rey" "CIN" "OLB" "9/6/87" "Duke" ""
"285" "00-0027246" "J.Tronzo" "Joe" "Tronzo" "UNK" "UNK" "6/10/87" "Louisville" ""
"286" "00-0027247" "M.Windt" "Mike" "Windt" "SD" "LS" "5/29/86" "Cincinnati" ""
"287" "00-0030330" "" "Devan" "Walker" "UNK" "UNK" "3/12/90" "Southeastern Louisiana" ""
"288" "00-0029920" "" "Curtis" "McNeal" "UNK" "RB" "12/3/89" "USC" ""
"289" "00-0030331" "A.Chapman" "Allen" "Chapman" "UNK" "UNK" "7/23/91" "Kansas State" ""
"290" "00-0030333" "S.Progar" "Sean" "Progar" "UNK" "UNK" "6/7/90" "Northern Illinois" ""
"291" "00-0032158" "J.Furman" "" "" "UNK" "UNK" "" "" ""
"292" "00-0030334" "A.Amos" "Anthony" "Amos" "UNK" "UNK" "8/2/90" "Middle Tennessee State" ""
"293" "00-0030335" "L.Coleman" "Lanier" "Coleman" "UNK" "UNK" "12/21/86" "Louisiana-Lafayette" ""
"294" "00-0030336" "S.Hooey" "Sean" "Hooey" "UNK" "UNK" "7/26/90" "Cincinnati" ""
"295" "00-0030337" "T.Jenkins" "Tim" "Jenkins" "UNK" "UNK" "2/6/91" "Fort Lewis" ""
"296" "00-0030339" "A.Martin" "Andre" "Martin" "UNK" "UNK" "12/23/89" "North Dakota State" ""
"297" "00-0022746" "J.Dugan" "Jeff" "Dugan" "UNK" "UNK" "4/8/81" "Maryland" ""
"298" "00-0022744" "J.Sorgi" "Jim" "Sorgi" "UNK" "UNK" "12/3/80" "Wisconsin" ""
"299" "00-0022742" "V.Hutchins" "Von" "Hutchins" "UNK" "UNK" "2/14/81" "Mississippi" ""
"300" "00-0022740" "J.Allen" "Jared" "Allen" "UNK" "UNK" "4/3/82" "Idaho State" ""
"301" "00-0032189" "" "Tony" "Steward" "UNK" "UNK" "9/19/92" "Clemson" ""
"302" "00-0032188" "V.Mayle" "Vince" "Mayle" "DAL" "WR" "6/12/91" "Washington State" ""
"303" "00-0032181" "" "Houston" "Bates" "WAS" "LB" "12/20/90" "Louisiana Tech" ""
"304" "00-0032185" "" "Tevin" "Westbrook" "UNK" "UNK" "1/17/93" "Florida" ""
"305" "00-0031422" "N.DiMarco" "Nick" "DiMarco" "UNK" "UNK" "1/28/92" "William Penn" ""
"306" "00-0031421" "A.Furney" "Andrew" "Furney" "UNK" "UNK" "6/23/91" "Washington State" ""
"307" "00-0031420" "K.Redfern" "Kasey" "Redfern" "CLE" "P" "9/26/91" "Wofford" ""
"308" "00-0031427" "T.Davis" "Todd" "Davis" "DEN" "MLB" "5/17/92" "Sacramento State" ""
"309" "00-0031426" "" "Joel" "Bitonio" "CLE" "G" "10/11/91" "Nevada" ""
"310" "00-0031428" "" "Allen" "Robinson" "UNK" "UNK" "8/24/93" "Penn State" ""
"311" "00-0020664" "B.Moore" "Brandon" "Moore" "UNK" "UNK" "1/16/79" "Oklahoma" ""
"312" "00-0031526" "" "Tyler" "Varga" "UNK" "UNK" "9/24/93" "Yale" ""
"313" "00-0031525" "" "Junior" "Sylvestre" "UNK" "UNK" "12/27/91" "Toledo" ""
"314" "00-0006305" "A.Green" "Ahman" "Green" "UNK" "UNK" "2/16/77" "Nebraska" ""
"315" "00-0013282" "T.Pryce" "Trevor" "Pryce" "UNK" "UNK" "8/3/75" "Clemson" ""
"316" "00-0023958" "N.Livings" "Nate" "Livings" "UNK" "UNK" "3/16/82" "LSU" ""
"317" "00-0028872" "J.Hekker" "Johnny" "Hekker" "UNK" "UNK" "2/8/90" "Oregon State" ""
"318" "00-0028870" "Q.Pointer" "Quinton" "Pointer" "UNK" "UNK" "4/16/88" "Nevada-Las Vegas" ""
"319" "00-0028871" "M.Daniels" "Matt" "Daniels" "UNK" "UNK" "9/27/89" "Duke" ""
"320" "00-0028876" "C.Mooney" "Collin" "Mooney" "UNK" "UNK" "4/3/86" "Army" ""
"321" "00-0028874" "C.Middleton" "Calvin" "Middleton" "UNK" "UNK" "5/19/90" "Jacksonville State" ""
"322" "00-0028875" "M.Masifilo" "Matthew" "Masifilo" "UNK" "UNK" "10/1/89" "Stanford" ""
"323" "00-0027419" "C.Gronkowski" "Chris" "Gronkowski" "UNK" "UNK" "12/26/86" "Arizona" ""
"324" "00-0028878" "M.Conrath" "Matt" "Conrath" "UNK" "UNK" "8/11/89" "Virginia" ""
"325" "00-0028879" "A.Hoffman-Ellis" "Alex" "Hoffman-Ellis" "UNK" "UNK" "8/14/89" "Washington State" ""
"326" "00-0012485" "O.Pace" "Orlando" "Pace" "UNK" "UNK" "11/4/75" "Ohio State" ""
"327" "00-0026522" "L.Robinson" "Lee" "Robinson" "UNK" "UNK" "4/23/87" "Alcorn State" ""
"328" "00-0022100" "D.Nickey" "Donnie" "Nickey" "UNK" "UNK" "4/25/80" "Ohio State" ""
"329" "00-0022101" "B.St. Pierre" "Brian St." "Pierre" "UNK" "UNK" "11/28/79" "Boston College" ""
"330" "00-0026520" "K.Moore" "Kestahn" "Moore" "UNK" "UNK" "4/13/87" "Florida" ""
"331" "00-0021201" "M.Fowler" "Melvin" "Fowler" "UNK" "UNK" "3/31/79" "Maryland" ""
"332" "00-0030699" "D.Olatoye" "Deji" "Olatoye" "DAL" "CB" "7/20/91" "North Carolina A&T" ""
"333" "00-0030697" "" "Jamie" "Meder" "CLE" "DT" "4/12/91" "Ashland" ""
"334" "00-0030696" "" "Richie" "Leone" "UNK" "UNK" "3/10/92" "Houston" ""
"335" "00-0030695" "T.Jacobs" "Tramain" "Jacobs" "UNK" "UNK" "5/20/92" "Texas A&M" ""
"336" "00-0028239" "K.Rowe" "Kenny" "Rowe" "UNK" "UNK" "4/22/89" "Oregon" ""
"337" "00-0030694" "J.Hurst" "James" "Hurst" "BAL" "T" "12/17/91" "North Carolina" ""
"338" "00-0030693" "" "Parker" "Graham" "UNK" "UNK" "2/14/91" "Oklahoma State" ""
"339" "00-0030692" "J.Davis" "Jace" "Davis" "UNK" "UNK" "8/22/91" "Northern Colorado" ""
"340" "00-0030691" "J.Butler" "Jeremy" "Butler" "BAL" "WR" "4/22/91" "Tennessee-Martin" ""
"341" "00-0030690" "" "Levi" "Brown" "UNK" "UNK" "5/12/91" "Temple" ""
"342" "00-0026997" "A.Mack" "Alex" "Mack" "ATL" "C" "11/19/85" "California" ""
"343" "00-0026993" "J.Freeman" "Josh" "Freeman" "UNK" "UNK" "1/13/88" "Kansas State" ""
"344" "00-0026992" "L.English" "Larry" "English" "UNK" "UNK" "1/22/86" "Northern Illinois" ""
"345" "00-0033007" "" "Terran" "Vaughn" "UNK" "UNK" "3/30/94" "Stephen F. Austin St." ""
"346" "00-0033006" "" "Jaydon" "Mickens" "OAK" "WR" "4/21/94" "Washington" ""
"347" "00-0033005" "" "Denver" "Kirkland" "OAK" "OG" "3/6/94" "Arkansas" ""
"348" "00-0030301" "" "Joe" "Caprioglio" "UNK" "UNK" "3/12/90" "Colorado State" ""
"349" "00-0033004" "" "Chris" "Swain" "SD" "FB" "11/17/92" "Navy" ""
"350" "00-0033001" "" "Trae" "Elston" "NO" "DB" "2/16/94" "Mississippi" ""
"351" "00-0033000" "" "Jared" "Dangerfield" "UNK" "UNK" "8/9/92" "Western Kentucky" ""
"352" "00-0026990" "M.Jenkins" "Malcolm" "Jenkins" "PHI" "FS" "12/20/87" "Ohio State" ""
"353" "00-0033009" "" "Tyler" "Boyd" "CIN" "WR" "11/15/94" "Pittsburgh" ""
"354" "00-0029350" "C.Obi" "Conrad" "Obi" "UNK" "UNK" "12/21/88" "Colorado" ""
"355" "00-0019548" "B.Jennings" "Brian" "Jennings" "UNK" "UNK" "10/14/76" "Arizona State" ""
"356" "00-0029351" "C.Parker" "Colin" "Parker" "UNK" "UNK" "5/6/89" "Arizona State" ""
"357" "00-0009311" "J.Kitna" "Jon" "Kitna" "UNK" "UNK" "9/21/72" "Central Washington" ""
"358" "00-0029834" "J.Cook" "Jamaine" "Cook" "UNK" "UNK" "//" "Youngstown State" ""
"359" "00-0027479" "M.Brown" "Marcus" "Brown" "UNK" "UNK" "1/27/87" "Arkansas State" ""
"360" "00-0027478" "D.McCleskey" "Donye" "McCleskey" "UNK" "UNK" "9/18/88" "Indiana State" ""
"361" "00-0029831" "" "Aaron" "Adams" "UNK" "UNK" "5/16/89" "Eastern Kentucky" ""
"362" "00-0029830" "K.Pough" "Keith" "Pough" "UNK" "UNK" "2/5/90" "Howard" ""
"363" "00-0029833" "" "Braxston" "Cave" "UNK" "UNK" "7/29/89" "Notre Dame" ""
"364" "00-0029832" "P.Ashford" "Perez" "Ashford" "UNK" "UNK" "3/2/91" "Northern Illinois" ""
"365" "00-0032431" "" "Jake" "Rudock" "DET" "QB" "1/21/93" "Michigan" ""
"366" "00-0032430" "" "David" "Morgan" "MIN" "TE" "5/19/93" "Texas-San Antonio" ""
"367" "00-0027471" "M.Newton" "Mike" "Newton" "UNK" "UNK" "11/11/87" "Buffalo" ""
"368" "00-0027470" "B.James" "Brandon" "James" "UNK" "UNK" "12/21/87" "Florida" ""
"369" "00-0027477" "B.White" "Blair" "White" "UNK" "UNK" "2/20/87" "Michigan State" ""
"370" "00-0027475" "V.Tuihalamaka" "Vuna" "Tuihalamaka" "UNK" "UNK" "2/28/87" "Arizona" ""
"371" "00-0027474" "T.Turner" "Thad" "Turner" "UNK" "UNK" "4/30/87" "Ohio U." ""
"372" "00-0026308" "D.Brooks" "Durant" "Brooks" "UNK" "UNK" "4/15/85" "Georgia Tech" ""
"373" "00-0004091" "P.Dawson" "Phil" "Dawson" "SF" "K" "1/23/75" "Texas" ""
"374" "00-0025905" "D.Clark" "Devin" "Clark" "UNK" "UNK" "5/22/86" "New Mexico" ""
"375" "00-0026303" "O.Schmitt" "Owen" "Schmitt" "UNK" "UNK" "2/13/85" "West Virginia" ""
"376" "00-0025907" "M.Richardson" "Matterral" "Richardson" "UNK" "UNK" "6/30/85" "Arkansas" ""
"377" "00-0025906" "C.Gatewood" "Curtis" "Gatewood" "UNK" "UNK" "5/18/85" "Vanderbilt" ""
"378" "00-0025901" "J.Hefney" "Jonathan" "Hefney" "UNK" "UNK" "2/27/85" "Tennessee" ""
"379" "00-0025900" "C.Clark" "Chris" "Clark" "HOU" "T" "10/1/85" "Southern Mississippi" ""
"380" "00-0026304" "C.Nicks" "Carl" "Nicks" "UNK" "UNK" "5/14/85" "Nebraska" ""
"381" "00-0025902" "E.Mack" "Elbert" "Mack" "UNK" "UNK" "7/14/86" "Troy" ""
"382" "00-0019133" "H.Fraley" "Hank" "Fraley" "UNK" "UNK" "9/21/77" "Robert Morris" ""
"383" "00-0031220" "" "Taylor" "McCuller" "UNK" "UNK" "10/31/89" "West Texas A&M" ""
"384" "00-0023764" "A.Hall" "Andre" "Hall" "UNK" "UNK" "8/20/82" "South Florida" ""
"385" "00-0019135" "D.Kreider" "Dan" "Kreider" "UNK" "UNK" "3/11/77" "New Hampshire" ""
"386" "00-0032755" "" "Dez" "Stewart" "UNK" "UNK" "4/18/93" "Ohio Dominican" ""
"387" "00-0032756" "" "Channing" "Ward" "TB" "DE" "9/17/92" "Mississippi" ""
"388" "00-0032757" "" "Winston" "Rose" "UNK" "UNK" "11/29/93" "New Mexico State" ""
"389" "00-0032750" "" "Davonte" "Lambert" "TB" "DT" "6/23/94" "Auburn" ""
"390" "00-0027659" "J.Clausen" "Jimmy" "Clausen" "UNK" "UNK" "9/21/87" "Notre Dame" ""
"391" "00-0027658" "Z.Beadles" "Zane" "Beadles" "SF" "G" "11/19/86" "Utah" ""
"392" "00-0027657" "L.Houston" "Lamarr" "Houston" "CHI" "OLB" "6/24/87" "Texas" ""
"393" "00-0027656" "R.Gronkowski" "Rob" "Gronkowski" "NE" "TE" "5/14/89" "Arizona" ""
"394" "00-0027655" "T.Troup" "Torell" "Troup" "UNK" "UNK" "6/23/88" "Central Florida" ""
"395" "00-0027654" "A.Benn" "Arrelious" "Benn" "UNK" "UNK" "9/8/88" "Illinois" ""
"396" "00-0027651" "D.McCluster" "Dexter" "McCluster" "TEN" "RB" "8/25/88" "Mississippi" ""
"397" "00-0027977" "A.Ayers" "Akeem" "Ayers" "UNK" "UNK" "7/10/89" "UCLA" ""
"398" "00-0032936" "" "Drew" "Iddings" "OAK" "DE" "3/16/93" "South Dakota" ""
"399" "00-0024238" "D.Joseph" "Davin" "Joseph" "UNK" "UNK" "11/22/83" "Oklahoma" ""
"400" "00-0024239" "J.Joseph" "Johnathan" "Joseph" "HOU" "CB" "4/16/84" "South Carolina" ""
"401" "00-0024234" "A.Cromartie" "Antonio" "Cromartie" "IND" "DB" "4/15/84" "Florida State" ""
"402" "00-0024235" "T.Hali" "Tamba" "Hali" "KC" "OLB" "11/3/83" "Penn State" ""
"403" "00-0030051" "" "Braden" "Brown" "UNK" "UNK" "10/10/88" "Brigham Young" ""
"404" "00-0024236" "L.Maroney" "Laurence" "Maroney" "UNK" "UNK" "2/5/85" "Minnesota" ""
"405" "00-0024237" "M.Lawson" "Manny" "Lawson" "BUF" "OLB" "7/3/84" "North Carolina State" ""
"406" "00-0024230" "T.Hill" "Tye" "Hill" "UNK" "UNK" "6/3/82" "Clemson" ""
"407" "00-0024231" "J.Allen" "Jason" "Allen" "UNK" "UNK" "7/5/83" "Tennessee" ""
"408" "00-0024232" "C.Greenway" "Chad" "Greenway" "MIN" "OLB" "1/12/83" "Iowa" ""
"409" "00-0024233" "B.Carpenter" "Bobby" "Carpenter" "UNK" "UNK" "8/1/83" "Ohio State" ""
"410" "00-0022684" "D.Jones" "Donnie" "Jones" "PHI" "P" "7/5/80" "LSU" ""
"411" "00-0032933" "" "Antonio" "Hamilton" "OAK" "DB" "1/24/93" "South Carolina State" ""
"412" "00-0023880" "M.LeVoir" "Mark" "LeVoir" "UNK" "UNK" "7/29/82" "Notre Dame" ""
"413" "00-0024359" "J.Harrison" "Jerome" "Harrison" "UNK" "UNK" "2/26/83" "Washington State" ""
"414" "00-0024358" "M.Hagans" "Marques" "Hagans" "UNK" "UNK" "12/29/82" "Virginia" ""
"415" "00-0021952" "T.Johnson" "Todd" "Johnson" "UNK" "UNK" "12/18/78" "Florida" ""
"416" "00-0030109" "M.Catapano" "Mike" "Catapano" "NYJ" "DE" "8/17/90" "Princeton" ""
"417" "00-0021951" "B.Scott" "Bryan" "Scott" "UNK" "UNK" "4/13/81" "Penn State" ""
"418" "00-0030107" "T.Riddick" "Theo" "Riddick" "DET" "RB" "5/4/91" "Notre Dame" ""
"419" "00-0030105" "" "Alan" "Bonner" "UNK" "UNK" "11/5/90" "Jacksonville State" ""
"420" "00-0024350" "R.O'Callaghan" "Ryan" "O'Callaghan" "UNK" "UNK" "7/19/83" "California" ""
"421" "00-0030029" "" "Jheranie" "Boyd" "UNK" "WR" "11/16/89" "North Carolina" ""
"422" "00-0032187" "" "David" "Johnson" "ARI" "RB" "12/16/91" "Northern Iowa" ""
"423" "00-0030103" "" "John" "Boyett" "UNK" "UNK" "12/20/89" "Oregon" ""
"424" "00-0024356" "B.Johnson" "Brandon" "Johnson" "UNK" "UNK" "4/5/83" "Louisville" ""
"425" "00-0024355" "J.Scott" "Jonathan" "Scott" "UNK" "UNK" "1/10/83" "Texas" ""
"426" "00-0030100" "N.Moody" "Nick" "Moody" "UNK" "UNK" "1/29/90" "Florida State" ""
"427" "00-0022975" "A.Economos" "Andrew" "Economos" "UNK" "UNK" "6/24/82" "Georgia Tech" ""
"428" "00-0031304" "W.Clarke" "Will" "Clarke" "CIN" "DE" "5/4/91" "West Virginia" ""
"429" "00-0022979" "D.Connolly" "Dan" "Connolly" "UNK" "UNK" "9/2/82" "Southeast Missouri State" ""
"430" "00-0031305" "" "Brandon" "Thomas" "DET" "G" "2/18/91" "Clemson" ""
"431" "00-0010944" "M.McKenzie" "Mike" "McKenzie" "UNK" "UNK" "4/26/76" "Memphis" ""
"432" "00-0006799" "C.Hanson" "Chris" "Hanson" "UNK" "UNK" "10/25/76" "Marshall" ""
"433" "00-0028090" "T.Yates" "T.J." "Yates" "UNK" "UNK" "5/28/87" "North Carolina" ""
"434" "00-0028091" "J.Kerley" "Jeremy" "Kerley" "SF" "WR" "11/8/88" "Texas Christian" ""
"435" "00-0026294" "K.Biermann" "Kroy" "Biermann" "BUF" "DE" "9/12/85" "Montana" ""
"436" "00-0031546" "" "Trae" "Waynes" "MIN" "CB" "7/25/92" "Michigan State" ""
"437" "00-0028093" "N.Paul" "Niles" "Paul" "WAS" "TE" "8/9/89" "Nebraska" ""
"438" "00-0028463" "D.Ambrose" "Damario" "Ambrose" "UNK" "UNK" "9/9/89" "Arkansas" ""
"439" "00-0029332" "J.Brown" "James" "Brown" "UNK" "UNK" "11/30/88" "Troy" ""
"440" "00-0029333" "R.Cameron" "Ronnie" "Cameron" "UNK" "UNK" "8/15/89" "Old Dominion" ""
"441" "00-0029330" "M.Szymanski" "Matt" "Szymanski" "UNK" "UNK" "8/13/88" "Southern Methodist" ""
"442" "00-0029331" "A.Alexander" "Alvester" "Alexander" "UNK" "UNK" "10/17/90" "Wyoming" ""
"443" "00-0029336" "B.Golden" "Brittan" "Golden" "ARI" "WR" "7/20/88" "West Texas A&M" ""
"444" "00-0029489" "E.Elder" "Eddie" "Elder" "UNK" "UNK" "2/14/89" "Arizona State" ""
"445" "00-0029335" "T.Crump" "Terriun" "Crump" "UNK" "UNK" "7/23/89" "Western Illinois" ""
"446" "00-0029338" "J.Jones" "Jeremy" "Jones" "UNK" "UNK" "7/18/89" "Wayne State (Mich.)" ""
"447" "00-0029339" "C.Summers" "Chris" "Summers" "UNK" "UNK" "7/10/89" "Liberty" ""
"448" "00-0029480" "N.Hixson" "Nick" "Hixson" "UNK" "UNK" "1/15/89" "Hillsdale" ""
"449" "00-0024824" "M.Gutierrez" "Matt" "Gutierrez" "UNK" "UNK" "6/9/84" "Idaho State" ""
"450" "00-0029482" "A.Thomas" "Adonis" "Thomas" "UNK" "UNK" "2/25/89" "Toledo" ""
"451" "00-0025480" "G.Wolfe" "Garrett" "Wolfe" "UNK" "UNK" "8/17/84" "Northern Illinois" ""
"452" "00-0025482" "D.Hughes" "Dante" "Hughes" "UNK" "UNK" "8/21/85" "California" ""
"453" "00-0025483" "A.Waters" "Anthony" "Waters" "UNK" "UNK" "7/25/84" "Clemson" ""
"454" "00-0025484" "R.McDonald" "Ray" "McDonald" "UNK" "UNK" "9/2/84" "Florida" ""
"455" "00-0025485" "Q.Pitcock" "Quinn" "Pitcock" "UNK" "UNK" "9/14/83" "Ohio State" ""
"456" "00-0025486" "J.Higgins" "Johnnie Lee" "Higgins" "UNK" "UNK" "9/8/83" "Texas-El Paso" ""
"457" "00-0025487" "M.Bush" "Michael" "Bush" "UNK" "UNK" "6/16/84" "Louisville" ""
"458" "00-0025488" "A.Podlesh" "Adam" "Podlesh" "UNK" "UNK" "8/11/83" "Maryland" ""
"459" "00-0025489" "B.Robison" "Brian" "Robison" "MIN" "DE" "4/27/83" "Texas" ""
"460" "00-0028683" "J.Wolfert" "Jeff" "Wolfert" "UNK" "UNK" "10/22/85" "Missouri" ""
"461" "00-0028682" "J.McGee" "Jeremy" "McGee" "UNK" "UNK" "7/23/88" "Mississippi" ""
"462" "00-0028685" "J.Fletcher" "Jabari" "Fletcher" "UNK" "UNK" "6/23/89" "Appalachian State" ""
"463" "00-0028686" "L.Castile" "L.J." "Castile" "UNK" "UNK" "9/7/88" "Delta State" ""
"464" "00-0029823" "" "Dan" "Moore" "UNK" "RB" "2/1/90" "Montana" ""
"465" "00-0029154" "N.Martinez" "Nick" "Martinez" "UNK" "UNK" "2/16/89" "Oklahoma State" ""
"466" "00-0029155" "M.Brown" "Mike" "Brown" "UNK" "UNK" "2/9/89" "Liberty" ""
"467" "00-0029150" "F.Koloto" "Fred" "Koloto" "UNK" "UNK" "5/9/89" "San Jose State" ""
"468" "00-0029151" "M.Simms" "Matt" "Simms" "ATL" "QB" "9/27/88" "Tennessee" ""
"469" "00-0029158" "D.Richard" "Donovan" "Richard" "UNK" "UNK" "8/16/89" "South Carolina State" ""
"470" "00-0029159" "J.Kearse" "Jermaine" "Kearse" "SEA" "WR" "2/6/90" "Washington" ""
"471" "00-0016624" "J.Trotter" "Jeremiah" "Trotter" "UNK" "UNK" "1/20/77" "Stephen F. Austin St." ""
"472" "00-0026689" "O.Martin" "Orion" "Martin" "UNK" "UNK" "9/2/85" "Virginia Tech" ""
"473" "00-0030489" "K.Wooten" "Khalid" "Wooten" "UNK" "UNK" "2/19/90" "Nevada" ""
"474" "00-0026467" "B.Renkart" "Brandon" "Renkart" "UNK" "UNK" "12/29/84" "Rutgers" ""
"475" "00-0021306" "A.Peterson" "Adrian" "Peterson" "UNK" "UNK" "7/1/79" "Georgia Southern" ""
"476" "00-0026465" "A.Armstrong" "Anthony" "Armstrong" "UNK" "UNK" "3/29/83" "West Texas A&M" ""
"477" "00-0021304" "J.Gilmore" "John" "Gilmore" "UNK" "UNK" "9/21/79" "Penn State" ""
"478" "00-0030482" "C.Prince" "Colby" "Prince" "UNK" "UNK" "3/9/89" "Oregon State" ""
"479" "00-0030486" "B.Schwenke" "Brian" "Schwenke" "TEN" "C" "3/22/91" "California" ""
"480" "00-0030487" "" "Tharold" "Simon" "SEA" "CB" "3/6/91" "LSU" ""
"481" "00-0030484" "J.Taylor" "Jamar" "Taylor" "CLE" "DB" "9/29/90" "Boise State" ""
"482" "00-0030485" "E.Lacy" "Eddie" "Lacy" "GB" "RB" "6/2/90" "Alabama" ""
"483" "00-0027224" "J.Weeks" "Jon" "Weeks" "HOU" "LS" "2/17/86" "Baylor" ""
"484" "00-0027220" "N.Roosevelt" "Naaman" "Roosevelt" "UNK" "UNK" "12/24/87" "Buffalo" ""
"485" "00-0027229" "J.Thornton" "Justin" "Thornton" "UNK" "UNK" "7/12/83" "Kansas" ""
"486" "00-0030599" "" "Toby" "Jackson" "UNK" "UNK" "10/18/89" "Central Florida" ""
"487" "00-0022763" "D.Wynn" "Dexter" "Wynn" "UNK" "UNK" "2/25/81" "Colorado State" ""
"488" "00-0022764" "C.Anderson" "Charlie" "Anderson" "UNK" "UNK" "12/8/81" "Mississippi" ""
"489" "00-0022766" "P.Crayton" "Patrick" "Crayton" "UNK" "UNK" "4/7/79" "Northwestern Oklahoma State" ""
"490" "00-0022767" "J.Reeves" "Jacques" "Reeves" "UNK" "UNK" "10/8/82" "Purdue" ""
"491" "00-0028892" "G.Robinson" "Gerell" "Robinson" "UNK" "UNK" "10/13/89" "Arizona State" ""
"492" "00-0031895" "" "Ronald" "Martin" "NYJ" "SS" "2/26/93" "LSU" ""
"493" "00-0031893" "" "Jesse" "Davis" "UNK" "UNK" "9/15/91" "Idaho" ""
"494" "00-0010711" "T.McClure" "Todd" "McClure" "UNK" "UNK" "2/16/77" "LSU" ""
"495" "00-0031193" "D.McCullers" "Dan" "McCullers-Sanders" "PIT" "NT" "8/11/92" "Tennessee" ""
"496" "00-0031192" "" "Jemea" "Thomas" "UNK" "UNK" "4/7/90" "Georgia Tech" ""
"497" "00-0031191" "" "Luke" "Bowanko" "UNK" "UNK" "6/13/91" "Virginia" ""
"498" "00-0030609" "" "Dennis" "Godfrey" "UNK" "UNK" "11/10/87" "Wake Forest" ""
"499" "00-0031190" "" "Tyler" "Gaffney" "NE" "RB" "4/20/91" "Stanford" ""
"500" "00-0031197" "D.Foucault" "David" "Foucault" "UNK" "UNK" "1/7/89" "Unknown" ""
"501" "00-0031196" "" "Tyler" "Starr" "ATL" "LB" "1/25/91" "South Dakota" ""
"502" "00-0031195" "Y.Smallwood" "Yawin" "Smallwood" "UNK" "UNK" "12/25/91" "Connecticut" ""
"503" "00-0031194" "" "Rob" "Blanchflower" "UNK" "UNK" "6/8/90" "Massachusetts" ""
"504" "00-0031199" "R.Madison" "Ross" "Madison" "UNK" "UNK" "3/5/91" "Toledo" ""
"505" "00-0010577" "K.Mawae" "Kevin" "Mawae" "UNK" "UNK" "1/23/71" "LSU" ""
"506" "00-0031447" "" "Jibreel" "Black" "UNK" "UNK" "10/8/91" "Michigan" ""
"507" "00-0031446" "D.Smith" "Damond" "Smith" "UNK" "UNK" "7/8/91" "South Alabama" ""
"508" "00-0031441" "" "Anthony" "Morales" "UNK" "UNK" "8/27/90" "Weber State" ""
"509" "00-0031440" "M.Presley" "Morrell" "Presley" "UNK" "UNK" "4/26/91" "California (PA)" ""
"510" "00-0031443" "" "Kevin" "Danser" "UNK" "UNK" "5/1/90" "Stanford" ""
"511" "00-0031442" "" "Taylor" "Lewan" "TEN" "T" "7/22/91" "Michigan" ""
"512" "00-0031448" "" "Marrio" "Norman" "UNK" "UNK" "8/10/86" "Coastal Carolina" ""
"513" "00-0032255" "" "A.J." "Cann" "UNK" "UNK" "10/3/91" "South Carolina" ""
"514" "00-0032257" "" "Duke" "Johnson" "CLE" "RB" "9/23/93" "Miami (Fla.)" ""
"515" "00-0032256" "" "Clive" "Walford" "OAK" "TE" "10/1/91" "Miami (Fla.)" ""
"516" "00-0032258" "" "Collin" "Rahrig" "ATL" "OG" "10/31/91" "Indiana" ""
"517" "00-0031503" "" "Jameis" "Winston" "TB" "QB" "1/6/94" "Florida State" ""
"518" "00-0031505" "" "Issac" "Blakeney" "UNK" "UNK" "11/18/92" "Duke" ""
"519" "00-0021547" "A.Gates" "Antonio" "Gates" "SD" "TE" "6/18/80" "Kent State" ""
"520" "00-0021546" "K.Dielman" "Kris" "Dielman" "UNK" "UNK" "2/3/81" "Indiana" ""
"521" "00-0028854" "J.Harris" "Jerrell" "Harris" "UNK" "UNK" "7/8/89" "Alabama" ""
"522" "00-0028855" "M.Gruder" "Max" "Gruder" "UNK" "UNK" "3/15/89" "Pittsburgh" ""
"523" "00-0028856" "A.Nissley" "Adam" "Nissley" "UNK" "UNK" "5/6/88" "Central Florida" ""
"524" "00-0028850" "D.Zimmerman" "Dawson" "Zimmerman" "UNK" "UNK" "11/15/89" "Clemson" ""
"525" "00-0028852" "Ja.Rodgers" "James" "Rodgers" "UNK" "UNK" "12/20/88" "Oregon State" ""
"526" "00-0028853" "M.Jackson" "Marcus" "Jackson" "UNK" "UNK" "5/20/89" "Lamar" ""
"527" "00-0028858" "M.Markett" "Marty" "Markett" "UNK" "UNK" "11/7/89" "South Carolina" ""
"528" "00-0028859" "R.Council" "Rico" "Council" "UNK" "UNK" "12/6/88" "Tennessee State" ""
"529" "00-0030713" "" "Kevin" "Graf" "UNK" "UNK" "6/17/91" "USC" ""
"530" "00-0030710" "" "Trey" "Burton" "PHI" "TE" "10/29/91" "Florida" ""
"531" "00-0030711" "D.Fluellen" "David" "Fluellen" "TEN" "RB" "1/29/92" "Toledo" ""
"532" "00-0030716" "" "Daytawion" "Lowe" "UNK" "UNK" "3/23/91" "Oklahoma State" ""
"533" "00-0030717" "F.Mays" "Frances" "Mays" "UNK" "UNK" "12/1/90" "Florida A&M" ""
"534" "00-0030332" "" "Brett" "Maher" "UNK" "UNK" "11/21/89" "Nebraska" ""
"535" "00-0030338" "" "Joseph" "LeBeau" "UNK" "UNK" "9/13/91" "Jackson State" ""
"536" "00-0030714" "D.Hawkins" "Donald" "Hawkins" "CAR" "OT" "4/22/92" "Texas" ""
"537" "00-0030317" "M.Cromartie" "Marcus" "Cromartie" "SF" "CB" "12/3/90" "Wisconsin" ""
"538" "00-0030314" "F.Beltre" "Frank" "Beltre" "UNK" "UNK" "1/28/90" "Towson" ""
"539" "00-0030315" "G.Brown" "Greg" "Brown" "UNK" "UNK" "1/21/90" "Kansas" ""
"540" "00-0030312" "J.Addae" "Jahleel" "Addae" "SD" "SS" "1/24/90" "Central Michigan" ""
"541" "00-0020270" "C.Buckhalter" "Correll" "Buckhalter" "UNK" "UNK" "10/6/78" "Nebraska" ""
"542" "00-0023287" "J.Leonhard" "Jim" "Leonhard" "UNK" "UNK" "10/27/82" "Wisconsin" ""
"543" "00-0004851" "G.Ellis" "Greg" "Ellis" "UNK" "UNK" "8/14/75" "North Carolina" ""
"544" "00-0031409" "J.Manziel" "Johnny" "Manziel" "UNK" "UNK" "12/6/92" "Texas A&M" ""
"545" "00-0031408" "M.Evans" "Mike" "Evans" "TB" "WR" "8/21/93" "Texas A&M" ""
"546" "00-0031401" "J.Johnson" "Jeremy" "Johnson" "UNK" "UNK" "11/8/91" "Southern Methodist" ""
"547" "00-0031400" "" "Bryce" "Quigley" "UNK" "UNK" "6/26/92" "San Diego State" ""
"548" "00-0031403" "J.Bromley" "Jay" "Bromley" "NYG" "DT" "5/28/92" "Syracuse" ""
"549" "00-0031402" "Z.Martin" "Zack" "Martin" "DAL" "G" "11/20/90" "Notre Dame" ""
"550" "00-0032210" "" "Frank" "Clark" "SEA" "DE" "6/14/93" "Michigan" ""
"551" "00-0028092" "R.Sherman" "Richard" "Sherman" "SEA" "CB" "3/30/88" "Stanford" ""
"552" "00-0031547" "" "DeVante" "Parker" "MIA" "WR" "1/20/93" "Louisville" ""
"553" "00-0028094" "M.LeGree" "Mark" "LeGree" "UNK" "UNK" "7/8/89" "Appalachian State" ""
"554" "00-0028276" "" "Justin" "Boren" "UNK" "UNK" "4/28/88" "Ohio State" ""
"555" "00-0024837" "" "Titus" "Ryan" "UNK" "WR" "5/19/84" "Concordia (AL)" ""
"556" "00-0030589" "" "Andrell" "Smith" "UNK" "WR" "4/2/90" "Louisville" ""
"557" "00-0030715" "W.Keliikipi" "Wade" "Keliikipi" "UNK" "UNK" "7/21/91" "Oregon" ""
"558" "00-0028148" "A.Jackson" "Andrew" "Jackson" "UNK" "UNK" "10/18/88" "Fresno State" ""
"559" "00-0028149" "B.Miller" "Bruce" "Miller" "SF" "FB" "8/6/87" "Central Florida" ""
"560" "00-0022169" "A.Garay" "Antonio" "Garay" "UNK" "UNK" "11/30/79" "Boston College" ""
"561" "00-0028142" "V.Green" "Virgil" "Green" "DEN" "TE" "8/3/88" "Nevada" ""
"562" "00-0028143" "L.Levingston" "Lazarius" "Levingston" "UNK" "UNK" "11/16/87" "LSU" ""
"563" "00-0028140" "J.Williams" "Jacquian" "Williams" "UNK" "UNK" "7/20/88" "South Florida" ""
"564" "00-0022165" "D.Clark" "Dallas" "Clark" "UNK" "UNK" "6/12/79" "Iowa" ""
"565" "00-0028146" "G.McElroy" "Greg" "McElroy" "UNK" "UNK" "5/10/88" "Alabama" ""
"566" "00-0028144" "J.Rogers" "Justin" "Rogers" "UNK" "UNK" "1/16/88" "Richmond" ""
"567" "00-0028145" "K.Lindsey" "Korey" "Lindsey" "UNK" "UNK" "2/3/89" "Southern Illinois" ""
"568" "00-0021159" "J.Stevens" "Jerramy" "Stevens" "UNK" "UNK" "11/13/79" "Washington" ""
"569" "00-0021156" "C.Grant" "Charles" "Grant" "UNK" "UNK" "9/3/78" "Georgia" ""
"570" "00-0021157" "L.Sheppard" "Lito" "Sheppard" "UNK" "UNK" "4/8/81" "Florida" ""
"571" "00-0021154" "D.Graham" "Daniel" "Graham" "UNK" "UNK" "11/16/78" "Colorado" ""
"572" "00-0021152" "A.Lelie" "Ashley" "Lelie" "UNK" "UNK" "2/16/80" "Hawaii" ""
"573" "00-0021153" "J.Walker" "Javon" "Walker" "UNK" "UNK" "10/14/78" "Florida State" ""
"574" "00-0030670" "B.Fowler" "Bennie" "Fowler" "DEN" "WR" "6/10/91" "Michigan State" ""
"575" "00-0022126" "L.Smith" "L.J." "Smith" "UNK" "UNK" "5/13/80" "Rutgers" ""
"576" "00-0027194" "L.Banks" "Leroy" "Banks" "UNK" "UNK" "12/12/87" "Southern Mississippi" ""
"577" "00-0026093" "A.Toribio" "Anthony" "Toribio" "UNK" "UNK" "3/1/85" "Carson-Newman" ""
"578" "00-0026090" "L.Divens" "Lamar" "Divens" "UNK" "UNK" "11/12/85" "Tennessee State" ""
"579" "00-0030949" "C.Young" "Chad" "Young" "UNK" "UNK" "7/29/91" "San Diego State" ""
"580" "00-0026095" "K.Brown" "Kevin" "Brown" "UNK" "UNK" "7/8/85" "UCLA" ""
"581" "00-0030948" "" "Zach" "Thompson" "UNK" "UNK" "1/18/91" "Wake Forest" ""
"582" "00-0029819" "" "John" "Sullen" "UNK" "UNK" "12/31/90" "Auburn" ""
"583" "00-0029818" "T.Stoudermire" "Troy" "Stoudermire" "UNK" "UNK" "7/1/90" "Minnesota" ""
"584" "00-0029817" "R.Roundtree" "Roy" "Roundtree" "UNK" "UNK" "3/7/89" "Michigan" ""
"585" "00-0029815" "J.DiManche" "Jayson" "DiManche" "DET" "LB" "9/22/90" "Southern Illinois" ""
"586" "00-0029812" "" "Larry" "Black" "UNK" "UNK" "12/1/89" "Indiana" ""
"587" "00-0032413" "" "Ronald" "Blair" "SF" "DE" "1/21/93" "Appalachian State" ""
"588" "00-0032412" "" "Dean" "Lowry" "GB" "DE" "6/9/94" "Northwestern" ""
"589" "00-0032411" "" "Kenneth" "Dixon" "BAL" "RB" "1/21/94" "Louisiana Tech" ""
"590" "00-0032410" "" "Rashard" "Robinson" "SF" "CB" "7/23/95" "LSU" ""
"591" "00-0032417" "" "Paul" "Perkins" "NYG" "RB" "11/16/94" "UCLA" ""
"592" "00-0032416" "" "Quinton" "Jefferson" "SEA" "DT" "3/31/93" "Maryland" ""
"593" "00-0032415" "" "Matt" "Judon" "BAL" "LB" "8/15/92" "Grand Valley State" ""
"594" "00-0032414" "" "John" "Theus" "SF" "OT" "1/19/94" "Georgia" ""
"595" "00-0027415" "W.Barker" "Will" "Barker" "UNK" "UNK" "7/3/87" "Virginia" ""
"596" "00-0027414" "J.Aumavae" "Junior" "Aumavae" "UNK" "UNK" "4/29/86" "Minnesota State-Mankato" ""
"597" "00-0027417" "P.Costa" "Phil" "Costa" "UNK" "UNK" "7/11/87" "Maryland" ""
"598" "00-0027416" "B.Church" "Barry" "Church" "DAL" "SS" "2/11/88" "Toledo" ""
"599" "00-0027411" "A.Parsons" "Alex" "Parsons" "UNK" "UNK" "9/14/87" "USC" ""
"600" "00-0027410" "C.Moline" "Chane" "Moline" "UNK" "UNK" "7/23/87" "UCLA" ""
"601" "00-0027413" "D.Alvarado" "Delbert" "Alvarado" "UNK" "UNK" "1/3/89" "South Florida" ""
"602" "00-0027412" "M.Tonga" "Manase" "Tonga" "UNK" "UNK" "2/28/84" "Brigham Young" ""
"603" "00-0030943" "" "Jake" "Snyder" "UNK" "UNK" "4/7/91" "Virginia" ""
"604" "00-0030133" "" "Rick" "Schmeig" "UNK" "UNK" "4/6/90" "Purdue" ""
"605" "00-0025675" "D.Holloway" "David" "Holloway" "UNK" "UNK" "12/4/83" "Maryland" ""
"606" "00-0025672" "T.Castille" "Tim" "Castille" "UNK" "UNK" "5/29/84" "Alabama" ""
"607" "00-0025927" "J.Banks" "Jason" "Banks" "UNK" "UNK" "5/8/85" "Grambling State" ""
"608" "00-0025925" "F.Velasco" "Fernando" "Velasco" "BUF" "C" "2/22/85" "Georgia" ""
"609" "00-0027197" "J.Drescher" "Justin" "Drescher" "NO" "LS" "1/1/88" "Colorado" ""
"610" "00-0025922" "R.Little" "Rafael" "Little" "UNK" "UNK" "9/23/86" "Kentucky" ""
"611" "00-0025920" "J.Freeman" "Jerrell" "Freeman" "CHI" "LB" "5/1/86" "Mary Hardin-Baylor" ""
"612" "00-0026324" "M.Gibson" "Mike" "Gibson" "UNK" "UNK" "11/18/85" "California" ""
"613" "00-0026325" "C.Harrington" "Chris" "Harrington" "UNK" "UNK" "1/19/85" "Texas A&M" ""
"614" "00-0026326" "C.Brennan" "Colt" "Brennan" "UNK" "UNK" "8/16/83" "Hawaii" ""
"615" "00-0026327" "J.Sullivan" "John" "Sullivan" "UNK" "UNK" "8/8/85" "Notre Dame" ""
"616" "00-0026320" "K.Moore" "Kareem" "Moore" "UNK" "UNK" "8/13/84" "Nicholls State" ""
"617" "00-0023784" "G.Estandia" "Greg" "Estandia" "UNK" "UNK" "11/18/82" "Nevada-Las Vegas" ""
"618" "00-0032738" "" "Cleveland" "Wallace" "UNK" "UNK" "1/24/94" "San Jose State" ""
"619" "00-0032739" "" "Wendall" "Williams" "HOU" "WR" "9/18/90" "Cumberland College" ""
"620" "00-0032736" "" "Arturo" "Uzdavinis" "UNK" "UNK" "11/2/92" "Tulane" ""
"621" "00-0032737" "" "Soma" "Vainuku" "HOU" "FB" "5/28/92" "USC" ""
"622" "00-0032734" "" "Brennan" "Scarlett" "HOU" "LB" "7/31/93" "Stanford" ""
"623" "00-0032735" "" "Duke" "Thomas" "HOU" "DB" "5/21/94" "Texas" ""
"624" "00-0032732" "" "Richard" "Mullaney" "UNK" "UNK" "2/23/93" "Alabama" ""
"625" "00-0032733" "" "Shakeel" "Rashad" "HOU" "LB" "3/17/94" "North Carolina" ""
"626" "00-0032730" "" "Eric" "Lee" "HOU" "LB" "8/6/94" "South Florida" ""
"627" "00-0031291" "J.Wright" "James" "Wright" "CIN" "WR" "12/31/91" "LSU" ""
"628" "00-0031293" "" "Jordan" "Harris" "UNK" "UNK" "12/8/91" "Bryant University" ""
"629" "00-0030327" "" "Randy" "Richards" "UNK" "UNK" "1/24/91" "Missouri State" ""
"630" "00-0031294" "" "Craig" "Watts" "NYJ" "OG" "6/20/91" "West Texas A&M" ""
"631" "00-0031295" "L.Tuipulotu" "L.T." "Tuipulotu" "UNK" "UNK" "8/3/90" "Utah" ""
"632" "00-0031296" "C.Mosley" "C.J." "Mosley" "BAL" "ILB" "6/19/92" "Alabama" ""
"633" "00-0031297" "D.Ford" "Dee" "Ford" "KC" "OLB" "3/19/91" "Auburn" ""
"634" "00-0031298" "J.Ward" "Jimmie" "Ward" "SF" "SS" "7/18/91" "Northern Illinois" ""
"635" "00-0031299" "J.Matthews" "Jordan" "Matthews" "PHI" "WR" "7/16/92" "Vanderbilt" ""
"636" "00-0032081" "" "Nick" "Dzubnar" "SD" "LB" "8/15/91" "Cal Poly-S.L.O." ""
"637" "00-0032085" "" "Brock" "Hekking" "SD" "LB" "10/6/91" "Nevada" ""
"638" "00-0032086" "" "Gordon" "Hill" "UNK" "UNK" "2/25/93" "Sacred Heart" ""
"639" "00-0032087" "" "Josh" "Lambo" "SD" "K" "11/19/90" "Texas A&M" ""
"640" "00-0032089" "" "Brian" "Parker" "KC" "TE" "5/30/92" "Albany" ""
"641" "00-0028208" "J.Clay" "John" "Clay" "UNK" "UNK" "1/4/88" "Wisconsin" ""
"642" "00-0014063" "O.Ross" "Oliver" "Ross" "UNK" "UNK" "9/27/74" "Iowa State" ""
"643" "00-0028202" "S.Draughn" "Shaun" "Draughn" "SF" "RB" "12/7/87" "North Carolina" ""
"644" "00-0024256" "D.Lutui" "Deuce" "Lutui" "UNK" "UNK" "5/5/83" "USC" ""
"645" "00-0024257" "D.Manning" "Danieal" "Manning" "UNK" "UNK" "8/9/82" "Abilene Christian" ""
"646" "00-0024254" "W.Justice" "Winston" "Justice" "UNK" "UNK" "9/14/84" "USC" ""
"647" "00-0024253" "T.Howard" "Thomas" "Howard" "UNK" "UNK" "7/14/83" "Texas-El Paso" ""
"648" "00-0024250" "R.McIntosh" "Rocky" "McIntosh" "UNK" "UNK" "11/15/82" "Miami (Fla.)" ""
"649" "00-0024251" "C.Jackson" "Chad" "Jackson" "UNK" "UNK" "3/6/85" "Florida" ""
"650" "00-0024258" "R.Harper" "Roman" "Harper" "NO" "DB" "12/11/82" "Alabama" ""
"651" "00-0024259" "S.Moss" "Sinorice" "Moss" "UNK" "UNK" "12/28/83" "Miami (Fla.)" ""
"652" "00-0021978" "S.Wand" "Seth" "Wand" "UNK" "UNK" "8/6/79" "Northwest Missouri State" ""
"653" "00-0021970" "K.Mitchell" "Kawika" "Mitchell" "UNK" "UNK" "10/10/79" "South Florida" ""
"654" "00-0021974" "J.Bridges" "Jeremy" "Bridges" "UNK" "UNK" "4/19/80" "Southern Mississippi" ""
"655" "00-0021976" "L.Johnson" "Larry" "Johnson" "UNK" "UNK" "11/19/79" "Penn State" ""
"656" "00-0021977" "O.Umenyiora" "Osi" "Umenyiora" "UNK" "UNK" "11/16/81" "Troy" ""
"657" "00-0024339" "B.Cofield" "Barry" "Cofield" "UNK" "UNK" "3/19/84" "Northwestern" ""
"658" "00-0024338" "D.Peko" "Domata" "Peko" "CIN" "DT" "11/27/84" "Michigan State" ""
"659" "00-0024335" "J.Williams" "Jamar" "Williams" "UNK" "UNK" "6/14/84" "Arizona State" ""
"660" "00-0024334" "B.Marshall" "Brandon" "Marshall" "NYJ" "WR" "3/23/84" "Central Florida" ""
"661" "00-0024331" "S.Tulloch" "Stephen" "Tulloch" "PHI" "LB" "1/1/85" "North Carolina State" ""
"662" "00-0024330" "W.Blackmon" "Will" "Blackmon" "WAS" "CB" "10/27/84" "Boston College" ""
"663" "00-0024333" "S.Gostkowski" "Stephen" "Gostkowski" "NE" "K" "1/28/84" "Memphis" ""
"664" "00-0024332" "L.Washington" "Leon" "Washington" "UNK" "UNK" "8/29/82" "Florida State" ""
"665" "00-0028335" "R.Winterswyk" "Ryan" "Winterswyk" "UNK" "UNK" "2/10/87" "Boise State" ""
"666" "00-0028442" "R.Lockette" "Ricardo" "Lockette" "UNK" "UNK" "5/21/86" "Fort Valley State" ""
"667" "00-0028337" "K.Adams" "Kyle" "Adams" "UNK" "UNK" "1/19/88" "Purdue" ""
"668" "00-0028336" "Y.Yenga" "Youri" "Yenga" "UNK" "UNK" "11/11/88" "Southern Methodist" ""
"669" "00-0028339" "M.Addison" "Mario" "Addison" "CAR" "DE" "9/6/87" "Troy" ""
"670" "00-0028338" "K.Adams" "Kris" "Adams" "UNK" "UNK" "9/4/87" "Texas-El Paso" ""
"671" "00-0028448" "R.Thenarse" "Rickey" "Thenarse" "UNK" "UNK" "8/2/88" "Nebraska" ""
"672" "00-0029314" "T.Wade" "Trevin" "Wade" "NYG" "DB" "8/1/89" "Arizona" ""
"673" "00-0029315" "B.Smelley" "Brad" "Smelley" "UNK" "UNK" "4/20/89" "Alabama" ""
"674" "00-0029316" "K.Beachum" "Kelvin" "Beachum" "UNK" "UNK" "6/8/89" "Southern Methodist" ""
"675" "00-0029317" "E.Baker" "Edwin" "Baker" "UNK" "UNK" "6/1/91" "Michigan State" ""
"676" "00-0027675" "E.Dickson" "Ed" "Dickson" "CAR" "TE" "7/25/87" "Oregon" ""
"677" "00-0029310" "C.Johnson" "Cam" "Johnson" "CLE" "LB" "5/24/90" "Virginia" ""
"678" "00-0029311" "J.Hemingway" "Junior" "Hemingway" "UNK" "UNK" "12/27/88" "Michigan" ""
"679" "00-0024805" "C.Mace" "Corey" "Mace" "UNK" "UNK" "12/22/85" "Wyoming" ""
"680" "00-0029318" "J.Potter" "John" "Potter" "UNK" "UNK" "1/24/90" "Western Michigan" ""
"681" "00-0029319" "J.Bellamy" "Josh" "Bellamy" "CHI" "WR" "5/18/89" "Louisville" ""
"682" "00-0020494" "S.Moss" "Santana" "Moss" "UNK" "UNK" "6/1/79" "Miami (Fla.)" ""
"683" "00-0020495" "N.Clements" "Nate" "Clements" "UNK" "UNK" "12/12/79" "Ohio State" ""
"684" "00-0020491" "D.Lewis" "Damione" "Lewis" "UNK" "UNK" "3/1/78" "Miami (Fla.)" ""
"685" "00-0020492" "M.Stroud" "Marcus" "Stroud" "UNK" "UNK" "6/25/78" "Georgia" ""
"686" "00-0020498" "R.Wayne" "Reggie" "Wayne" "UNK" "UNK" "11/17/78" "Miami (Fla.)" ""
"687" "00-0020499" "K.Lucas" "Ken" "Lucas" "UNK" "UNK" "1/23/79" "Mississippi" ""
"688" "00-0026660" "T.Steinkuhler" "Ty" "Steinkuhler" "UNK" "UNK" "9/11/85" "Nebraska" ""
"689" "00-0026662" "J.Westerman" "Jamaal" "Westerman" "UNK" "UNK" "2/21/85" "Rutgers" ""
"690" "00-0026665" "J.Matthews" "John" "Matthews" "UNK" "UNK" "7/19/86" "San Diego" ""
"691" "00-0011958" "L.Neal" "Lorenzo" "Neal" "UNK" "UNK" "12/27/70" "Fresno State" ""
"692" "00-0026667" "T.Pestock" "Tom" "Pestock" "UNK" "UNK" "9/13/84" "Northwest Missouri State" ""
"693" "00-0026666" "B.McDermott" "Brett" "McDermott" "UNK" "UNK" "9/21/86" "Holy Cross" ""
"694" "00-0026669" "C.Cloherty" "Colin" "Cloherty" "UNK" "UNK" "9/16/87" "Brown" ""
"695" "00-0029178" "E.Guthrie" "Eric" "Guthrie" "UNK" "UNK" "2/10/89" "Iowa" ""
"696" "00-0029179" "J.Hardrick" "Jermarcus" "Hardrick" "UNK" "UNK" "5/30/90" "Nebraska" ""
"697" "00-0026407" "J.McClain" "Jameel" "McClain" "UNK" "UNK" "7/25/85" "Syracuse" ""
"698" "00-0026403" "P.Czech" "Piotr" "Czech" "UNK" "UNK" "8/17/86" "Wagner" ""
"699" "00-0026402" "P.Carter" "Patrick" "Carter" "UNK" "UNK" "2/6/85" "Louisville" ""
"700" "00-0029170" "J.Gumbs" "Jose" "Gumbs" "UNK" "UNK" "4/20/88" "Monmouth (N.J.)" ""
"701" "00-0029171" "K.Hardy" "Kevin" "Hardy" "UNK" "UNK" "4/27/90" "The Citadel" ""
"702" "00-0023047" "A.Malone" "Alfred" "Malone" "UNK" "UNK" "2/21/82" "Troy" ""
"703" "00-0027208" "D.Daniels" "Dominique" "Daniels" "UNK" "UNK" "6/20/88" "Nicholls State" ""
"704" "00-0027209" "A.Coleman" "Antonio" "Coleman" "UNK" "UNK" "9/1/86" "Auburn" ""
"705" "00-0027758" "R.Cooper" "Riley" "Cooper" "UNK" "UNK" "9/9/87" "Florida" ""
"706" "00-0027752" "A.Lane" "Austen" "Lane" "UNK" "UNK" "11/9/87" "Murray State" ""
"707" "00-0027753" "A.Quarless" "Andrew" "Quarless" "DET" "TE" "10/6/88" "Penn State" ""
"708" "00-0027202" "M.Palmer" "Michael" "Palmer" "UNK" "UNK" "1/18/88" "Clemson" ""
"709" "00-0027751" "O.Hudson" "Otis" "Hudson" "UNK" "UNK" "7/19/86" "Eastern Illinois" ""
"710" "00-0027204" "E.Stephens" "Emmanuel" "Stephens" "UNK" "UNK" "2/17/87" "Mississippi" ""
"711" "00-0027205" "R.Wolfe" "Ryan" "Wolfe" "UNK" "UNK" "11/23/86" "Nevada-Las Vegas" ""
"712" "00-0027206" "B.Woods" "Bear" "Woods" "UNK" "UNK" "1/22/87" "Troy" ""
"713" "00-0027207" "T.Buckley" "Tim" "Buckley" "UNK" "UNK" "8/19/88" "Alcorn State" ""
"714" "00-0020969" "B.Moore" "Brandon" "Moore" "UNK" "UNK" "6/3/80" "Illinois" ""
"715" "00-0020962" "R.Bironas" "Rob" "Bironas" "UNK" "UNK" "1/29/78" "Georgia Southern" ""
"716" "00-0029859" "B.Baer" "Brett" "Baer" "UNK" "UNK" "1/30/90" "Louisiana-Lafayette" ""
"717" "00-0026658" "Z.Potter" "Zach" "Potter" "UNK" "UNK" "5/4/86" "Nebraska" ""
"718" "00-0030042" "" "Aaron" "Tipoti" "UNK" "UNK" "1/4/90" "California" ""
"719" "00-0023439" "C.Benson" "Cedric" "Benson" "UNK" "UNK" "12/28/82" "Texas" ""
"720" "00-0023438" "B.Edwards" "Braylon" "Edwards" "UNK" "UNK" "2/21/83" "Michigan" ""
"721" "00-0031469" "" "Shamari" "Benton" "UNK" "UNK" "5/9/91" "Central Michigan" ""
"722" "00-0031468" "" "Tom" "Hornsey" "UNK" "UNK" "2/17/89" "Memphis" ""
"723" "00-0031467" "" "T.J." "Fatinikun" "UNK" "UNK" "7/28/91" "Toledo" ""
"724" "00-0031466" "" "Sam" "Miller" "UNK" "UNK" "7/20/92" "Florida International" ""
"725" "00-0031465" "K.Goessling" "Kevin" "Goessling" "UNK" "UNK" "4/22/87" "Fresno State" ""
"726" "00-0031464" "" "Mike" "Dobson" "UNK" "UNK" "6/24/91" "East Carolina" ""
"727" "00-0028462" "" "Johnny" "Jones" "UNK" "UNK" "10/19/88" "Marshall" ""
"728" "00-0023437" "R.Brown" "Ronnie" "Brown" "UNK" "UNK" "12/12/81" "Auburn" ""
"729" "00-0023436" "A.Smith" "Alex" "Smith" "KC" "QB" "5/7/84" "Utah" ""
"730" "00-0031461" "" "Ryne" "Giddins" "UNK" "UNK" "7/16/90" "South Florida" ""
"731" "00-0031460" "" "Thomas" "Wolfe" "UNK" "UNK" "10/24/88" "Fort Valley State" ""
"732" "00-0027983" "R.Moore" "Rahim" "Moore" "CLE" "DB" "2/11/90" "UCLA" ""
"733" "00-0032279" "" "Tyrequek" "Zimmerman" "UNK" "UNK" "9/29/92" "Oregon State" ""
"734" "00-0027982" "T.Young" "Titus" "Young" "UNK" "UNK" "8/21/89" "Boise State" ""
"735" "00-0032277" "" "Avius" "Capers" "UNK" "UNK" "5/30/92" "Johnson C. Smith" ""
"736" "00-0032276" "" "Chris" "Highland" "UNK" "UNK" "1/4/92" "Illinois State" ""
"737" "00-0032273" "" "Jude" "Adjei-Barimah" "TB" "CB" "7/21/92" "Bowling Green State" ""
"738" "00-0032272" "" "Isaiah" "Battle" "UNK" "UNK" "2/10/93" "Clemson" ""
"739" "00-0032271" "" "D'Joun" "Smith" "IND" "CB" "9/23/92" "Florida Atlantic" ""
"740" "00-0032270" "" "A.J." "Cruz" "UNK" "UNK" "2/20/91" "Brown" ""
"741" "00-0027980" "B.Reed" "Brooks" "Reed" "ATL" "OLB" "2/28/87" "Arizona" ""
"742" "00-0027987" "B.Ijalana" "Ben" "Ijalana" "NYJ" "T" "8/6/89" "Villanova" ""
"743" "00-0027985" "L.Kendricks" "Lance" "Kendricks" "UNK" "UNK" "1/30/88" "Wisconsin" ""
"744" "00-0027984" "O.Franklin" "Orlando" "Franklin" "SD" "OG" "12/16/87" "Miami (Fla.)" ""
"745" "00-0028838" "L.Donnell" "Larry" "Donnell" "NYG" "TE" "11/1/88" "Grambling State" ""
"746" "00-0029000" "C.Beasley" "Cole" "Beasley" "DAL" "WR" "4/26/89" "Southern Methodist" ""
"747" "00-0029001" "T.Benford" "Tim" "Benford" "UNK" "UNK" "9/7/89" "Tennessee Tech" ""
"748" "00-0030735" "M.Hagens" "Maurice" "Hagens" "UNK" "UNK" "6/28/92" "Miami (Fla.)" ""
"749" "00-0030736" "" "Julian" "Jones" "UNK" "UNK" "3/26/91" "Arkansas State" ""
"750" "00-0030737" "F.Martino" "Freddie" "Martino" "TB" "WR" "9/7/91" "North Greenville" ""
"751" "00-0030730" "" "Mohammed" "Seisay" "SEA" "DB" "5/22/90" "Nebraska" ""
"752" "00-0030731" "G.Boldewijn" "Geraldo" "Boldewijn" "UNK" "UNK" "2/14/91" "Boise State" ""
"753" "00-0030732" "" "Brenden" "Daley" "UNK" "UNK" "5/30/91" "Hawaii" ""
"754" "00-0030733" "N.Eguae" "Nosa" "Eguae" "UNK" "UNK" "8/15/91" "Auburn" ""
"755" "00-0022140" "I.Scott" "Ian" "Scott" "UNK" "UNK" "11/8/81" "Florida" ""
"756" "00-0022141" "J.Johnson" "Jeremi" "Johnson" "UNK" "UNK" "9/4/80" "Western Kentucky" ""
"757" "00-0022143" "O.Mughelli" "Ovie" "Mughelli" "UNK" "UNK" "6/10/80" "Wake Forest" ""
"758" "00-0022144" "B.Wade" "Bobby" "Wade" "UNK" "UNK" "2/25/81" "Arizona" ""
"759" "00-0022145" "R.Pontbriand" "Ryan" "Pontbriand" "UNK" "UNK" "10/1/79" "Rice" ""
"760" "00-0022147" "A.Franklin" "Aubrayo" "Franklin" "UNK" "UNK" "8/27/80" "Tennessee" ""
"761" "00-0028166" "J.Williams" "Jabara" "Williams" "UNK" "UNK" "7/6/89" "Stephen F. Austin St." ""
"762" "00-0028167" "J.Nelson" "Jonathan" "Nelson" "UNK" "UNK" "5/6/88" "Oklahoma" ""
"763" "00-0030945" "" "Steele" "Divitto" "UNK" "UNK" "10/24/91" "Boston College" ""
"764" "00-0028160" "A.Gaitor" "Anthony" "Gaitor" "UNK" "UNK" "10/9/88" "Florida International" ""
"765" "00-0028161" "S.Bannon" "Shane" "Bannon" "UNK" "UNK" "4/20/89" "Yale" ""
"766" "00-0028162" "M.White" "Markus" "White" "UNK" "UNK" "11/25/87" "Florida State" ""
"767" "00-0028163" "A.Allen" "Anthony" "Allen" "UNK" "UNK" "8/6/88" "Georgia Tech" ""
"768" "00-0030659" "J.Krause" "Jonathan" "Krause" "TB" "WR" "1/18/92" "Vanderbilt" ""
"769" "00-0021173" "T.Williams" "Tank" "Williams" "UNK" "UNK" "6/30/80" "Stanford" ""
"770" "00-0021174" "T.Carter" "Tim" "Carter" "UNK" "UNK" "9/21/79" "Auburn" ""
"771" "00-0021175" "A.Davis" "Andre" "Davis" "UNK" "UNK" "6/12/79" "Virginia Tech" ""
"772" "00-0021178" "C.Pitts" "Chester" "Pitts" "UNK" "UNK" "6/26/79" "San Diego State" ""
"773" "00-0021179" "C.Portis" "Clinton" "Portis" "UNK" "UNK" "9/1/81" "Miami (Fla.)" ""
"774" "00-0030651" "E.Thomas" "Eric" "Thomas" "UNK" "UNK" "11/11/91" "Troy" ""
"775" "00-0029937" "" "Camden" "Wentz" "UNK" "UNK" "11/27/90" "North Carolina State" ""
"776" "00-0030656" "" "Isaiah" "Crowell" "CLE" "RB" "1/8/93" "Alabama State" ""
"777" "00-0026796" "A.Foster" "Arian" "Foster" "MIA" "RB" "8/24/86" "Tennessee" ""
"778" "00-0026792" "P.Williams" "Pat" "Williams" "UNK" "UNK" "1/13/86" "Colorado" ""
"779" "00-0029773" "R.Evans" "Rashad" "Evans" "UNK" "UNK" "8/28/90" "Fresno State" ""
"780" "00-0004505" "C.Draft" "Chris" "Draft" "UNK" "UNK" "2/26/76" "Stanford" ""
"781" "00-0029955" "L.Reynolds" "LaRoy" "Reynolds" "ATL" "LB" "11/3/90" "Virginia" ""
"782" "00-0029952" "T.Palmer" "Tobais" "Palmer" "UNK" "UNK" "2/20/90" "North Carolina State" ""
"783" "00-0032770" "" "Tavon" "Young" "BAL" "CB" "3/14/94" "Temple" ""
"784" "00-0026798" "T.Jamison" "Tim" "Jamison" "UNK" "UNK" "2/26/86" "Michigan" ""
"785" "00-0032771" "" "Parker" "Ehinger" "KC" "OG" "12/30/92" "Cincinnati" ""
"786" "00-0023234" "M.Koenen" "Michael" "Koenen" "UNK" "UNK" "7/13/82" "Western Washington" ""
"787" "00-0032777" "" "Evan" "Boehm" "ARI" "C" "8/19/93" "Missouri" ""
"788" "00-0027437" "Q.Porter" "Quinn" "Porter" "UNK" "UNK" "2/2/86" "Stillman" ""
"789" "00-0027920" "E.Arceneaux" "Emmanuel" "Arceneaux" "UNK" "UNK" "9/17/87" "Alcorn State" ""
"790" "00-0027923" "R.Windsor" "Rod" "Windsor" "UNK" "UNK" "4/24/85" "Western New Mexico" ""
"791" "00-0027434" "T.Knicky" "Tim" "Knicky" "UNK" "UNK" "1/1/88" "Stephen F. Austin St." ""
"792" "00-0027433" "A.Joseph" "Alex" "Joseph" "UNK" "UNK" "7/6/88" "Temple" ""
"793" "00-0032470" "" "Steve" "Longa" "SEA" "OLB" "9/29/94" "Rutgers" ""
"794" "00-0027431" "K.Heard" "Kellen" "Heard" "UNK" "UNK" "10/17/85" "Memphis" ""
"795" "00-0032472" "" "Tre" "Madden" "SEA" "RB" "8/16/93" "USC" ""
"796" "00-0027929" "C.Ihenacho" "Carl" "Ihenacho" "UNK" "UNK" "5/28/88" "San Jose State" ""
"797" "00-0032775" "" "Demarcus" "Robinson" "KC" "WR" "9/21/94" "Florida" ""
"798" "00-0032479" "" "Tyvis" "Powell" "SEA" "FS" "2/16/94" "Ohio State" ""
"799" "00-0032478" "" "David" "Perkins" "SEA" "DE" "1/13/93" "Illinois State" ""
"800" "00-0027438" "J.Russell" "John" "Russell" "UNK" "UNK" "7/11/87" "Wake Forest" ""
"801" "00-0029801" "" "Ryan" "Doerr" "UNK" "UNK" "6/19/89" "Kansas State" ""
"802" "00-0031928" "" "Chad" "Slade" "HOU" "OG" "5/4/92" "Auburn" ""
"803" "00-0031929" "" "Carlos" "Thompson" "UNK" "UNK" "2/16/92" "Mississippi" ""
"804" "00-0025694" "B.Ratliff" "Brett" "Ratliff" "UNK" "UNK" "8/8/85" "Utah" ""
"805" "00-0025697" "J.Trusnik" "Jason" "Trusnik" "UNK" "UNK" "6/6/84" "Ohio Northern" ""
"806" "00-0031922" "" "Khari" "Lee" "CHI" "TE" "1/16/92" "Bowie State" ""
"807" "00-0031923" "" "Greg" "Mancz" "HOU" "C" "4/23/92" "Toledo" ""
"808" "00-0031921" "" "Kendall" "Lamm" "HOU" "T" "6/5/92" "Appalachian State" ""
"809" "00-0031924" "" "Mike" "McFarland" "IND" "TE" "11/15/91" "South Florida" ""
"810" "00-0026346" "H.Nakamura" "Haruki" "Nakamura" "UNK" "UNK" "4/18/86" "Cincinnati" ""
"811" "00-0026344" "L.Hilliard" "Lex" "Hilliard" "UNK" "UNK" "7/30/84" "Montana" ""
"812" "00-0026345" "P.Garcon" "Pierre" "Garcon" "WAS" "WR" "8/8/86" "Mount Union" ""
"813" "00-0026342" "M.Hart" "Mike" "Hart" "UNK" "UNK" "4/9/86" "Michigan" ""
"814" "00-0026343" "A.Studebaker" "Andy" "Studebaker" "UNK" "UNK" "9/16/85" "Wheaton" ""
"815" "00-0026340" "J.Mays" "Joe" "Mays" "UNK" "UNK" "7/6/85" "North Dakota State" ""
"816" "00-0032710" "" "Jeremiah" "McKinnon" "UNK" "UNK" "6/29/93" "Florida International" ""
"817" "00-0032711" "" "Jason" "Neill" "CLE" "LB" "10/28/92" "Texas-San Antonio" ""
"818" "00-0032714" "" "Alex" "Balducci" "SF" "C" "3/1/94" "Oregon" ""
"819" "00-0032715" "" "Jered" "Bell" "UNK" "UNK" "1/19/92" "Colorado" ""
"820" "00-0032716" "" "Devon" "Cajuste" "SF" "WR" "1/31/93" "Stanford" ""
"821" "00-0032717" "" "Demetrius" "Cherry" "SF" "DT" "6/21/92" "Arizona" ""
"822" "00-0027691" "A.Roberts" "Andre" "Roberts" "DET" "WR" "1/9/88" "The Citadel" ""
"823" "00-0027690" "E.Decker" "Eric" "Decker" "NYJ" "WR" "3/15/87" "Minnesota" ""
"824" "00-0027696" "J.Graham" "Jimmy" "Graham" "SEA" "TE" "11/24/86" "Miami (Fla.)" ""
"825" "00-0027695" "T.Moeaki" "Tony" "Moeaki" "CHI" "TE" "6/8/87" "Iowa" ""
"826" "00-0028291" "J.Baker" "Josh" "Baker" "UNK" "UNK" "12/25/86" "Northwest Missouri State" ""
"827" "00-0005106" "B.Favre" "Brett" "Favre" "UNK" "UNK" "10/10/69" "Southern Mississippi" ""
"828" "00-0026061" "B.Dombrowski" "Brandyn" "Dombrowski" "UNK" "UNK" "4/3/85" "San Diego State" ""
"829" "00-0024278" "D.Tapp" "Darryl" "Tapp" "NO" "DE" "9/13/84" "Virginia Tech" ""
"830" "00-0024279" "T.Jackson" "Tarvaris" "Jackson" "UNK" "UNK" "4/21/83" "Alabama State" ""
"831" "00-0026069" "M.Tolbert" "Mike" "Tolbert" "CAR" "FB" "11/23/85" "Coastal Carolina" ""
"832" "00-0024270" "A.Whitworth" "Andrew" "Whitworth" "CIN" "T" "12/12/81" "LSU" ""
"833" "00-0024271" "C.Chester" "Chris" "Chester" "ATL" "OG" "1/12/83" "Oklahoma" ""
"834" "00-0024272" "D.Hester" "Devin" "Hester" "UNK" "UNK" "11/4/82" "Miami (Fla.)" ""
"835" "00-0024273" "R.Marshall" "Richard" "Marshall" "UNK" "UNK" "12/12/84" "Fresno State" ""
"836" "00-0024274" "J.Trueblood" "Jeremy" "Trueblood" "UNK" "UNK" "5/10/83" "Boston College" ""
"837" "00-0024275" "M.Jones-Drew" "Maurice" "Jones-Drew" "UNK" "UNK" "3/23/85" "UCLA" ""
"838" "00-0024276" "T.Scheffler" "Tony" "Scheffler" "UNK" "UNK" "2/15/83" "Western Michigan" ""
"839" "00-0024277" "T.Jennings" "Tim" "Jennings" "UNK" "UNK" "12/24/83" "Georgia" ""
"840" "00-0021992" "E.Wilson" "Eugene" "Wilson" "UNK" "UNK" "8/17/80" "Illinois" ""
"841" "00-0021990" "N.Barnett" "Nick" "Barnett" "UNK" "UNK" "5/27/81" "Oregon State" ""
"842" "00-0021996" "V.Hobson" "Victor" "Hobson" "UNK" "UNK" "2/3/80" "Michigan" ""
"843" "00-0021997" "D.White" "Dewayne" "White" "UNK" "UNK" "10/19/79" "Louisville" ""
"844" "00-0021994" "D.Florence" "Drayton" "Florence" "UNK" "UNK" "12/19/80" "Tuskegee" ""
"845" "00-0021995" "C.Kelsay" "Chris" "Kelsay" "UNK" "UNK" "10/31/79" "Nebraska" ""
"846" "00-0021998" "C.Redding" "Cory" "Redding" "UNK" "UNK" "11/15/80" "Texas" ""
"847" "00-0021999" "N.Burleson" "Nate" "Burleson" "UNK" "UNK" "8/19/81" "Nevada" ""
"848" "00-0024317" "C.Lowry" "Calvin" "Lowry" "UNK" "UNK" "2/13/83" "Penn State" ""
"849" "00-0024316" "D.Bing" "Darnell" "Bing" "UNK" "UNK" "9/10/84" "USC" ""
"850" "00-0031983" "K.Closs" "" "" "UNK" "UNK" "" "" ""
"851" "00-0030944" "D.Williams" "Dominique" "Williams" "NYJ" "RB" "9/2/90" "Wagner" ""
"852" "00-0024315" "M.Robinson" "Michael" "Robinson" "UNK" "UNK" "2/6/83" "Penn State" ""
"853" "00-0024314" "M.Jean-Gilles" "Max" "Jean-Gilles" "UNK" "UNK" "11/19/83" "Georgia" ""
"854" "00-0024313" "O.Daniels" "Owen" "Daniels" "UNK" "UNK" "11/9/82" "Wisconsin" ""
"855" "00-0024312" "E.Smith" "Eric" "Smith" "UNK" "UNK" "3/17/83" "Michigan State" ""
"856" "00-0024311" "G.Wilkinson" "Gerris" "Wilkinson" "UNK" "UNK" "4/5/83" "Georgia Tech" ""
"857" "00-0024310" "W.Reid" "Willie" "Reid" "UNK" "UNK" "9/19/82" "Florida State" ""
"858" "00-0024318" "Bra.Smith" "Brad" "Smith" "UNK" "UNK" "12/12/83" "Missouri" ""
"859" "00-0023597" "W.Britt" "Wesley" "Britt" "UNK" "UNK" "11/21/81" "Alabama" ""
"860" "00-0023590" "G.Sensabaugh" "Gerald" "Sensabaugh" "UNK" "UNK" "6/13/83" "North Carolina" ""
"861" "00-0023593" "M.Boley" "Michael" "Boley" "UNK" "UNK" "8/24/82" "Southern Mississippi" ""
"862" "00-0019778" "L.Tynes" "Lawrence" "Tynes" "UNK" "UNK" "5/3/78" "Troy" ""
"863" "00-0019770" "J.Feely" "Jay" "Feely" "UNK" "UNK" "5/23/76" "Michigan" ""
"864" "00-0028319" "L.Patterson" "Luke" "Patterson" "UNK" "UNK" "9/19/87" "Texas A&M" ""
"865" "00-0028318" "D.Mims" "David" "Mims" "UNK" "UNK" "5/18/88" "Virginia Union" ""
"866" "00-0028313" "C.Gantt" "Charlie" "Gantt" "UNK" "UNK" "12/31/87" "Michigan State" ""
"867" "00-0028311" "B.Bair" "Brandon" "Bair" "UNK" "UNK" "11/24/84" "Oregon" ""
"868" "00-0028310" "A.Froman" "Adam" "Froman" "UNK" "UNK" "12/18/87" "Louisville" ""
"869" "00-0028315" "A.Kamara" "Amara" "Kamara" "UNK" "UNK" "2/2/88" "Temple" ""
"870" "00-0028045" "K.Durham" "Kris" "Durham" "UNK" "UNK" "3/17/88" "Georgia" ""
"871" "00-0031711" "" "Gannon" "Sinclair" "UNK" "UNK" "2/5/93" "Missouri State" ""
"872" "00-0031713" "" "Xavier" "Williams" "ARI" "DT" "1/18/92" "Northern Iowa" ""
"873" "00-0031712" "" "Zack" "Wagenmann" "UNK" "UNK" "8/8/92" "Montana" ""
"874" "00-0031719" "" "Mike" "Hull" "MIA" "LB" "5/25/91" "Penn State" ""
"875" "00-0031718" "" "Andrew" "Franks" "MIA" "K" "1/11/93" "RPI" ""
"876" "00-0031267" "A.Exum" "Antone" "Exum" "MIN" "CB" "2/27/91" "Virginia Tech" ""
"877" "00-0022085" "A.Adams" "Anthony" "Adams" "UNK" "UNK" "6/18/80" "Penn State" ""
"878" "00-0022084" "A.Boldin" "Anquan" "Boldin" "DET" "WR" "10/3/80" "Florida State" ""
"879" "00-0026649" "A.Davie" "Andrew" "Davie" "UNK" "UNK" "1/5/83" "Arkansas" ""
"880" "00-0026648" "E.Cook" "Emanuel" "Cook" "UNK" "UNK" "1/20/88" "South Carolina" ""
"881" "00-0022081" "EJ.Henderson" "E.J." "Henderson" "UNK" "UNK" "8/3/80" "Maryland" ""
"882" "00-0022080" "R.Mathis" "Rashean" "Mathis" "UNK" "UNK" "8/27/80" "Bethune-Cookman" ""
"883" "00-0026643" "D.Willingham" "DeAngelo" "Willingham" "UNK" "UNK" "1/15/87" "Tennessee" ""
"884" "00-0026641" "M.McDuffie" "Marshall" "McDuffie" "UNK" "UNK" "7/31/86" "Florida International" ""
"885" "00-0026640" "R.Duncan" "Rashaad" "Duncan" "UNK" "UNK" "12/10/86" "Pittsburgh" ""
"886" "00-0026647" "T.Conley" "T.J." "Conley" "UNK" "UNK" "8/29/85" "Idaho" ""
"887" "00-0026645" "A.Holmes" "Antoine" "Holmes" "UNK" "UNK" "3/25/86" "North Carolina State" ""
"888" "00-0026644" "J.Vaughan" "Josh" "Vaughan" "UNK" "UNK" "12/3/86" "Richmond" ""
"889" "00-0029378" "I.Kitchen" "Ishmaa'ily" "Kitchen" "UNK" "UNK" "8/24/88" "Kent State" ""
"890" "00-0029379" "A.McClain" "Antoine" "McClain" "ARI" "G" "12/6/89" "Clemson" ""
"891" "00-0029377" "N.Jean-Baptiste" "Nicolas" "Jean-Baptiste" "UNK" "UNK" "3/8/89" "Baylor" ""
"892" "00-0029374" "D.Goda" "Devin" "Goda" "UNK" "UNK" "5/5/89" "Slippery Rock" ""
"893" "00-0029375" "D.Graham" "Dorian" "Graham" "UNK" "UNK" "9/20/89" "Syracuse" ""
"894" "00-0029372" "O.Brown" "Omar" "Brown" "UNK" "UNK" "6/6/88" "Marshall" ""
"895" "00-0029373" "" "Jack" "Cornell" "UNK" "UNK" "6/4/89" "Illinois" ""
"896" "00-0025739" "B.Westbrook" "Byron" "Westbrook" "UNK" "UNK" "12/26/84" "Salisbury State" ""
"897" "00-0025733" "R.Moulton" "Rashod" "Moulton" "UNK" "UNK" "11/6/80" "Fort Valley State" ""
"898" "00-0030002" "" "Mike" "Zupancic" "UNK" "UNK" "12/14/89" "Eastern Michigan" ""
"899" "00-0029190" "M.Tyler" "Marc" "Tyler" "UNK" "UNK" "9/27/88" "USC" ""
"900" "00-0029191" "D.Shead" "DeShawn" "Shead" "SEA" "CB" "6/28/88" "Portland State" ""
"901" "00-0029197" "" "J.B." "Shugarts" "UNK" "UNK" "10/26/89" "Ohio State" ""
"902" "00-0029194" "A.Jacobs" "Anthony" "Jacobs" "UNK" "UNK" "11/16/88" "Minnesota" ""
"903" "00-0029195" "D.Harris" "DaJohn" "Harris" "UNK" "UNK" "1/24/89" "USC" ""
"904" "00-0029198" "J.Jarrett" "Jamaar" "Jarrett" "UNK" "UNK" "3/28/90" "Arizona State" ""
"905" "00-0029199" "N.Cooper" "Nicholas" "Cooper" "UNK" "UNK" "4/9/89" "Winston-Salem State" ""
"906" "00-0024483" "D.Batiste" "D'Anthony" "Batiste" "UNK" "UNK" "3/29/82" "Louisiana-Lafayette" ""
"907" "00-0024489" "A.Hall" "Ahmard" "Hall" "UNK" "UNK" "11/13/79" "Texas" ""
"908" "00-0029998" "" "Matt" "Stankiewitch" "UNK" "UNK" "2/8/90" "Penn State" ""
"909" "00-0029999" "Z.Sudfeld" "Zach" "Sudfeld" "NYJ" "TE" "4/18/89" "Nevada" ""
"910" "00-0029992" "" "Josh" "Kline" "NE" "G" "12/29/89" "Kent State" ""
"911" "00-0029993" "" "Quentin" "Hines" "UNK" "UNK" "10/8/90" "Akron" ""
"912" "00-0029990" "C.Grissom" "Cory" "Grissom" "UNK" "UNK" "6/9/90" "South Florida" ""
"913" "00-0029991" "B.Jones" "Brandon" "Jones" "UNK" "UNK" "11/2/89" "Rutgers" ""
"914" "00-0029996" "S.Morris" "Stephon" "Morris" "UNK" "UNK" "1/12/91" "Penn State" ""
"915" "00-0029994" "C.McDonald" "Chris" "McDonald" "UNK" "UNK" "11/13/89" "Michigan State" ""
"916" "00-0029995" "" "T.J." "Moe" "UNK" "UNK" "10/14/90" "Missouri" ""
"917" "00-0027598" "B.Lang" "Brandon" "Lang" "UNK" "UNK" "6/18/86" "Troy" ""
"918" "00-0027599" "C.Johnson" "Cort" "Johnson" "UNK" "UNK" "5/1/86" "West Texas A&M" ""
"919" "00-0027590" "R.Otterson" "Ryan" "Otterson" "UNK" "UNK" "11/29/86" "Wyoming" ""
"920" "00-0027592" "T.Simmons" "Traye" "Simmons" "UNK" "UNK" "1/18/87" "Minnesota" ""
"921" "00-0027595" "B.Walters" "Bryan" "Walters" "UNK" "UNK" "11/4/87" "Cornell" ""
"922" "00-0027596" "J.Williams" "Jeremy" "Williams" "UNK" "UNK" "1/23/87" "Tulane" ""
"923" "00-0027597" "K.Wilson" "Kion" "Wilson" "UNK" "UNK" "10/24/86" "South Florida" ""
"924" "00-0023060" "C.Kluwe" "Chris" "Kluwe" "UNK" "UNK" "12/24/81" "UCLA" ""
"925" "00-0023063" "L.Weaver" "Leonard" "Weaver" "UNK" "UNK" "9/23/82" "Carson-Newman" ""
"926" "00-0027778" "S.Young" "Sam" "Young" "MIA" "OT" "6/24/87" "Notre Dame" ""
"927" "00-0028452" "" "Garrett" "Chisolm" "UNK" "UNK" "4/2/88" "South Carolina" ""
"928" "00-0027779" "D.Karim" "Deji" "Karim" "UNK" "UNK" "11/18/86" "Southern Illinois" ""
"929" "00-0027774" "G.Hardy" "Greg" "Hardy" "UNK" "UNK" "7/28/88" "Mississippi" ""
"930" "00-0027775" "R.Smith" "Rusty" "Smith" "UNK" "UNK" "1/28/87" "Florida Atlantic" ""
"931" "00-0027776" "C.Mitchell" "Carlton" "Mitchell" "UNK" "UNK" "4/6/88" "South Florida" ""
"932" "00-0027777" "A.Moats" "Arthur" "Moats" "PIT" "OLB" "3/14/88" "James Madison" ""
"933" "00-0027770" "S.Schillinger" "Shann" "Schillinger" "UNK" "UNK" "5/22/86" "Montana" ""
"934" "00-0027772" "A.Dixon" "Anthony" "Dixon" "UNK" "UNK" "9/24/87" "Mississippi State" ""
"935" "00-0032499" "" "Glenn" "Gronkowski" "BUF" "FB" "3/25/93" "Kansas State" ""
"936" "00-0031487" "" "Douglas" "McNeil" "SEA" "WR" "7/22/88" "Bowie State" ""
"937" "00-0023457" "M.Clayton" "Mark" "Clayton" "UNK" "UNK" "7/2/82" "Oklahoma" ""
"938" "00-0023456" "M.Jones" "Matt" "Jones" "UNK" "UNK" "4/22/83" "Arkansas" ""
"939" "00-0023450" "T.Johnson" "Travis" "Johnson" "UNK" "UNK" "4/26/82" "Florida State" ""
"940" "00-0023452" "M.Williams" "Mike" "Williams" "UNK" "UNK" "1/4/84" "USC" ""
"941" "00-0032297" "" "Kitt" "O'Brien" "IND" "OG" "4/29/90" "Ball State" ""
"942" "00-0028321" "J.Paul" "Josue" "Paul" "UNK" "UNK" "11/14/88" "Central Connecticut State" ""
"943" "00-0021504" "J.Jackson" "Jamaal" "Jackson" "UNK" "UNK" "5/8/80" "Delaware State" ""
"944" "00-0030288" "R.Burkhead" "Rex" "Burkhead" "CIN" "RB" "7/2/90" "Nebraska" ""
"945" "00-0030289" "B.Rambo" "Bacarri" "Rambo" "UNK" "UNK" "6/27/90" "Georgia" ""
"946" "00-0021503" "R.Hood" "Roderick" "Hood" "UNK" "UNK" "10/3/81" "Auburn" ""
"947" "00-0030284" "B.Jenkins" "Brandon" "Jenkins" "UNK" "UNK" "2/9/90" "Florida State" ""
"948" "00-0030286" "T.Williams" "Tourek" "Williams" "SD" "OLB" "5/9/91" "Florida International" ""
"949" "00-0030287" "A.Ellington" "Andre" "Ellington" "ARI" "RB" "2/3/89" "Clemson" ""
"950" "00-0030280" "K.Davis" "Knile" "Davis" "KC" "RB" "10/5/91" "Arkansas" ""
"951" "00-0030281" "S.Porter" "Sean" "Porter" "UNK" "UNK" "1/12/91" "Texas A&M" ""
"952" "00-0030282" "S.Taylor" "Stepfan" "Taylor" "ARI" "RB" "6/9/91" "Stanford" ""
"953" "00-0030283" "S.Williams" "Steve" "Williams" "SD" "CB" "3/7/91" "California" ""
"954" "00-0022858" "D.Scott" "Darrion" "Scott" "UNK" "UNK" "10/25/81" "Ohio State" ""
"955" "00-0028326" "R.McMahon" "Ryan" "McMahon" "UNK" "UNK" "5/11/88" "Florida State" ""
"956" "00-0022851" "K.Smith" "Keith" "Smith" "UNK" "UNK" "3/20/80" "McNeese State" ""
"957" "00-0022855" "S.Locklear" "Sean" "Locklear" "UNK" "UNK" "5/29/81" "North Carolina State" ""
"958" "00-0028812" "E.Jones" "Eddie" "Jones" "UNK" "UNK" "1/11/88" "Texas" ""
"959" "00-0028761" "D.Hill" "Derrick" "Hill" "UNK" "UNK" "7/16/88" "California" ""
"960" "00-0028766" "E.McGee" "Eddie" "McGee" "UNK" "UNK" "1/23/88" "Illinois" ""
"961" "00-0028767" "S.Moore" "Sterling" "Moore" "BUF" "DB" "2/3/90" "Southern Methodist" ""
"962" "00-0028817" "C.Clay" "Curtis" "Clay" "UNK" "UNK" "10/13/88" "Texas Christian" ""
"963" "00-0030756" "R.Neal" "Rajion" "Neal" "CLE" "RB" "3/28/92" "Tennessee" ""
"964" "00-0021219" "C.Hope" "Chris" "Hope" "UNK" "UNK" "9/29/80" "Florida State" ""
"965" "00-0030754" "" "Adrian" "Hubbard" "UNK" "UNK" "2/27/92" "Alabama" ""
"966" "00-0030755" "" "Jordan" "McCray" "UNK" "UNK" "5/31/92" "Central Florida" ""
"967" "00-0030753" "" "Carlos" "Gray" "UNK" "UNK" "6/30/92" "North Carolina State" ""
"968" "00-0030750" "" "James" "Stone" "UNK" "UNK" "4/26/92" "Tennessee" ""
"969" "00-0021218" "T.Metcalf" "Terrence" "Metcalf" "UNK" "UNK" "1/28/78" "Mississippi" ""
"970" "00-0030758" "J.Perillo" "Justin" "Perillo" "GB" "TE" "1/5/91" "Maine" ""
"971" "00-0030759" "L.Perkins" "LaDarius" "Perkins" "UNK" "UNK" "9/18/90" "Mississippi State" ""
"972" "00-0028106" "D.Love" "DeMarcus" "Love" "UNK" "UNK" "3/7/88" "Arkansas" ""
"973" "00-0028109" "Q.Sturdivant" "Quan" "Sturdivant" "UNK" "UNK" "12/5/88" "North Carolina" ""
"974" "00-0026247" "C.Wallace" "Cody" "Wallace" "PIT" "C" "11/26/84" "Texas A&M" ""
"975" "00-0026613" "C.Newton" "Cecil" "Newton" "UNK" "UNK" "3/20/86" "Tennessee State" ""
"976" "00-0030639" "J.Reeves" "Jeremy" "Reeves" "UNK" "UNK" "9/15/89" "Iowa State" ""
"977" "00-0030638" "G.Reid" "Greg" "Reid" "UNK" "UNK" "9/8/90" "Florida State" ""
"978" "00-0026246" "M.Smith" "Marcus" "Smith" "UNK" "UNK" "1/11/85" "New Mexico" ""
"979" "00-0030635" "" "Mike" "Taylor" "UNK" "UNK" "10/7/89" "Wisconsin" ""
"980" "00-0030634" "H.Muamba" "Henoc" "Muamba" "UNK" "UNK" "2/23/89" "St. Francis Xavier (Canada)" ""
"981" "00-0030637" "" "Derricus" "Purdy" "UNK" "UNK" "3/3/90" "Texas Southern" ""
"982" "00-0032218" "" "Dorial" "Green-Beckham" "PHI" "WR" "4/12/93" "Oklahoma" ""
"983" "00-0030636" "D.Munoz" "Damaso" "Munoz" "UNK" "UNK" "7/10/86" "Rutgers" ""
"984" "00-0030631" "W.Dressler" "Weston" "Dressler" "UNK" "UNK" "6/14/85" "North Dakota" ""
"985" "00-0026245" "W.Franklin" "Will" "Franklin" "UNK" "UNK" "10/13/85" "Missouri" ""
"986" "00-0030632" "" "Greg" "Wilson" "UNK" "UNK" "9/14/90" "Fordham" ""
"987" "00-0019696" "C.Hovan" "Chris" "Hovan" "UNK" "UNK" "5/12/78" "Boston College" ""
"988" "00-0029741" "B.Bogotay" "Brandon" "Bogotay" "UNK" "UNK" "5/8/89" "Georgia" ""
"989" "00-0029814" "" "Travis" "Chappelear" "UNK" "UNK" "4/3/89" "Northwest Missouri State" ""
"990" "00-0029813" "" "Terrence" "Brown" "UNK" "UNK" "3/4/91" "Stanford" ""
"991" "00-0026532" "J.Boyd" "Jerome" "Boyd" "UNK" "UNK" "5/26/86" "Oregon" ""
"992" "00-0019693" "J.Lewis" "Jamal" "Lewis" "UNK" "UNK" "8/26/79" "Tennessee" ""
"993" "00-0021215" "S.McKinney" "Seth" "McKinney" "UNK" "UNK" "6/12/79" "Texas A&M" ""
"994" "00-0021645" "T.White" "Tracy" "White" "UNK" "UNK" "4/14/81" "Howard" ""
"995" "00-0026242" "J.Thompson" "Jeremy" "Thompson" "UNK" "UNK" "10/9/85" "Wake Forest" ""
"996" "00-0026241" "J.King" "Justin" "King" "UNK" "UNK" "5/11/87" "Penn State" ""
"997" "00-0026240" "T.Branch" "Tyvon" "Branch" "ARI" "DB" "12/11/86" "Connecticut" ""
"998" "00-0029747" "C.Banjo" "Chris" "Banjo" "GB" "CB" "2/26/90" "Southern Methodist" ""
"999" "00-0029346" "B.Gideon" "Blake" "Gideon" "UNK" "UNK" "7/25/89" "Texas" ""
"1000" "00-0025501" "M.White" "Marvin" "White" "UNK" "UNK" "12/5/83" "Texas Christian" ""
"1001" "00-0025503" "Z.DeOssie" "Zak" "DeOssie" "NYG" "LS" "5/24/84" "Brown" ""
"1002" "00-0025502" "L.Harris" "Leroy" "Harris" "UNK" "UNK" "6/6/84" "North Carolina State" ""
"1003" "00-0025505" "R.Robinson" "Ryne" "Robinson" "UNK" "UNK" "11/4/84" "Miami (Ohio)" ""
"1004" "00-0025504" "M.Ramirez" "Manny" "Ramirez" "UNK" "UNK" "2/19/83" "Texas Tech" ""
"1005" "00-0025507" "B.Atkins" "Baraka" "Atkins" "UNK" "UNK" "9/28/84" "Miami (Fla.)" ""
"1006" "00-0020754" "K.Campbell" "Kelly" "Campbell" "UNK" "UNK" "7/23/80" "Georgia Tech" ""
"1007" "00-0025509" "D.Free" "Doug" "Free" "DAL" "T" "1/16/84" "Northern Illinois" ""
"1008" "00-0025508" "M.Thomas" "Marcus" "Thomas" "UNK" "UNK" "9/23/85" "Florida" ""
"1009" "00-0029746" "D.Walker" "Dallas" "Walker" "UNK" "UNK" "2/22/88" "Western Michigan" ""
"1010" "00-0023219" "T.Bulman" "Tim" "Bulman" "UNK" "UNK" "10/31/82" "Boston College" ""
"1011" "00-0023210" "T.Humphrey" "Tory" "Humphrey" "UNK" "UNK" "1/20/83" "Central Michigan" ""
"1012" "00-0032909" "" "Dillon" "Gordon" "PHI" "OG" "9/2/93" "LSU" ""
"1013" "00-0032908" "" "Mike" "McQueen" "UNK" "UNK" "8/31/93" "Ohio U." ""
"1014" "00-0032459" "" "Aaron" "Neary" "DEN" "OG" "11/15/92" "Eastern Washington" ""
"1015" "00-0032458" "" "Durron" "Neal" "UNK" "UNK" "11/3/93" "Oklahoma" ""
"1016" "00-0027903" "B.Guillory" "Bobby" "Guillory" "UNK" "UNK" "" "Central Missouri State" ""
"1017" "00-0032456" "" "Prince Charles" "Iworah" "SF" "CB" "3/11/93" "Western Kentucky" ""
"1018" "00-0027901" "M.Simpkins" "Maurice" "Simpkins" "UNK" "UNK" "4/29/83" "Coastal Carolina" ""
"1019" "00-0027900" "Z.Markshausen" "Zeke" "Markshausen" "UNK" "UNK" "1/26/87" "Northwestern" ""
"1020" "00-0032453" "" "Kenny" "Lawler" "SEA" "WR" "6/25/94" "California" ""
"1021" "00-0027906" "A.Anderson" "Andre'" "Anderson" "UNK" "UNK" "5/1/88" "Tulane" ""
"1022" "00-0027905" "W.Tukuafu" "Will" "Tukuafu" "SEA" "DT" "1/3/84" "Oregon" ""
"1023" "00-0027904" "R.McClain" "Rolando" "McClain" "UNK" "UNK" "7/14/89" "Alabama" ""
"1024" "00-0024377" "D.Kirtman" "David" "Kirtman" "UNK" "UNK" "2/12/83" "USC" ""
"1025" "00-0024376" "M.Toudouze" "Michael" "Toudouze" "UNK" "UNK" "4/27/83" "Texas Christian" ""
"1026" "00-0031909" "" "Anthony" "Jefferson" "UNK" "UNK" "5/11/92" "UCLA" ""
"1027" "00-0031904" "" "Bryce" "Callahan" "CHI" "CB" "10/23/91" "Rice" ""
"1028" "00-0031900" "R.Smith" "Rod" "Smith" "DAL" "RB" "1/10/92" "Ohio State" ""
"1029" "00-0031902" "" "Jonathan" "Anderson" "CHI" "OLB" "10/27/91" "Texas Christian" ""
"1030" "00-0026820" "N.Abdallah" "Nader" "Abdallah" "UNK" "UNK" "10/25/85" "Ohio State" ""
"1031" "00-0026368" "C.Chamberlain" "Chris" "Chamberlain" "UNK" "UNK" "9/30/85" "Tulsa" ""
"1032" "00-0026369" "C.Williams" "Cary" "Williams" "UNK" "UNK" "12/23/84" "Washburn" ""
"1033" "00-0026360" "J.Barrett" "Josh" "Barrett" "UNK" "UNK" "11/22/84" "Arizona State" ""
"1034" "00-0026361" "H.Taylor" "Hilee" "Taylor" "UNK" "UNK" "7/18/86" "North Carolina" ""
"1035" "00-0026364" "S.Johnson" "Steve" "Johnson" "SD" "WR" "7/22/86" "Kentucky" ""
"1036" "00-0026365" "B.Keith" "Brandon" "Keith" "UNK" "UNK" "11/21/84" "Northern Iowa" ""
"1037" "00-0026366" "C.Schilens" "Chaz" "Schilens" "UNK" "UNK" "11/7/85" "San Diego State" ""
"1038" "00-0026367" "P.Hillis" "Peyton" "Hillis" "UNK" "UNK" "1/21/86" "Arkansas" ""
"1039" "00-0027019" "E.Brown" "Everette" "Brown" "UNK" "UNK" "8/7/87" "Florida State" ""
"1040" "00-0027018" "J.Byrd" "Jairus" "Byrd" "NO" "FS" "10/7/86" "Oregon" ""
"1041" "00-0028389" "B.Guidugli" "Ben" "Guidugli" "UNK" "UNK" "10/22/87" "Cincinnati" ""
"1042" "00-0027011" "J.Laurinaitis" "James" "Laurinaitis" "NO" "LB" "12/3/86" "Ohio State" ""
"1043" "00-0027010" "P.Chung" "Patrick" "Chung" "NE" "SS" "8/19/87" "Oregon" ""
"1044" "00-0027013" "A.Smith" "Alphonso" "Smith" "UNK" "UNK" "10/20/85" "Wake Forest" ""
"1045" "00-0027012" "B.Robiskie" "Brian" "Robiskie" "UNK" "UNK" "12/3/87" "Ohio State" ""
"1046" "00-0027015" "E.Britton" "Eben" "Britton" "UNK" "UNK" "10/14/87" "Arizona" ""
"1047" "00-0027014" "R.Maualuga" "Rey" "Maualuga" "CIN" "MLB" "1/20/87" "USC" ""
"1048" "00-0027017" "D.Butler" "Darius" "Butler" "IND" "CB" "3/18/86" "Connecticut" ""
"1049" "00-0027016" "R.Brace" "Ron" "Brace" "UNK" "UNK" "12/18/86" "Boston College" ""
"1050" "00-0024292" "J.Alston" "Jon" "Alston" "UNK" "UNK" "6/4/83" "Stanford" ""
"1051" "00-0024290" "J.Spitz" "Jason" "Spitz" "UNK" "UNK" "12/19/82" "Louisville" ""
"1052" "00-0024296" "C.Whitehurst" "Charlie" "Whitehurst" "UNK" "UNK" "8/6/82" "Clemson" ""
"1053" "00-0024297" "D.Hagan" "Derek" "Hagan" "UNK" "UNK" "9/21/84" "Arizona State" ""
"1054" "00-0032929" "" "James" "Cowser" "OAK" "DE" "9/13/90" "Southern Utah" ""
"1055" "00-0032928" "" "Kyrie" "Wilson" "OAK" "LB" "11/5/92" "Fresno State" ""
"1056" "00-0022999" "J.Kuhn" "John" "Kuhn" "NO" "RB" "9/9/82" "Shippensburg" ""
"1057" "00-0029668" "A.Luck" "Andrew" "Luck" "IND" "QB" "9/12/89" "Stanford" ""
"1058" "00-0022997" "A.Frazier" "Andre" "Frazier" "UNK" "UNK" "6/29/82" "Cincinnati" ""
"1059" "00-0020678" "K.Hebert" "Kyries" "Hebert" "UNK" "UNK" "10/9/80" "Louisiana-Lafayette" ""
"1060" "00-0020679" "S.Hill" "Shaun" "Hill" "MIN" "QB" "1/9/80" "Maryland" ""
"1061" "00-0028003" "T.McClain" "Terrell" "McClain" "DAL" "DT" "7/20/88" "South Florida" ""
"1062" "00-0031348" "A.Hitchens" "Anthony" "Hitchens" "DAL" "MLB" "6/10/92" "Iowa" ""
"1063" "00-0031349" "" "Matt" "Paradis" "DEN" "C" "10/12/89" "Boise State" ""
"1064" "00-0032927" "" "Ross" "Burbank" "UNK" "UNK" "1/27/93" "Virginia" ""
"1065" "00-0031343" "" "Calvin" "Pryor" "NYJ" "SS" "7/2/92" "Louisville" ""
"1066" "00-0031340" "" "Shaquille" "Richardson" "UNK" "UNK" "3/21/92" "Arizona" ""
"1067" "00-0031341" "D.Roberts" "D.J." "Roberts" "UNK" "UNK" "9/11/91" "Tennessee-Martin" ""
"1068" "00-0031346" "" "Justin" "Ellis" "OAK" "DT" "12/27/90" "Louisiana Tech" ""
"1069" "00-0031347" "" "Keith" "McGill" "OAK" "CB" "3/9/89" "Utah" ""
"1070" "00-0031344" "C.Latimer" "Cody" "Latimer" "DEN" "WR" "10/10/92" "Indiana" ""
"1071" "00-0031345" "J.Garoppolo" "Jimmy" "Garoppolo" "NE" "QB" "11/2/91" "Eastern Illinois" ""
"1072" "00-0023865" "A.Stenavich" "Adam" "Stenavich" "UNK" "UNK" "3/11/83" "Michigan" ""
"1073" "00-0023867" "T.Biddle" "Taye" "Biddle" "UNK" "UNK" "2/27/83" "Mississippi" ""
"1074" "00-0013694" "T.Richardson" "Tony" "Richardson" "UNK" "UNK" "12/17/71" "Auburn" ""
"1075" "00-0032332" "" "Aaron" "Grymes" "UNK" "UNK" "3/1/91" "Idaho" ""
"1076" "00-0032333" "" "Anthony" "Dable" "NYG" "WR" "9/25/88" "No College" ""
"1077" "00-0032335" "" "Cleyon" "Laing" "MIA" "DE" "11/21/90" "Iowa State" ""
"1078" "00-0032926" "" "K.J." "Brent" "OAK" "WR" "8/6/93" "Wake Forest" ""
"1079" "00-0031961" "" "Mark" "Nzeocha" "DAL" "OLB" "1/19/90" "Wyoming" ""
"1080" "00-0029664" "J.Gordon" "Josh" "Gordon" "CLE" "WR" "4/13/91" "Utah" ""
"1081" "00-0020107" "N.Sorensen" "Nick" "Sorensen" "UNK" "UNK" "7/31/78" "Virginia Tech" ""
"1082" "00-0028379" "A.Gray" "Anthony" "Gray" "UNK" "UNK" "3/15/88" "Southern Mississippi" ""
"1083" "00-0028378" "D.Jones" "D.J." "Jones" "UNK" "UNK" "5/8/88" "Nebraska" ""
"1084" "00-0028375" "C.Kenney" "Cameron" "Kenney" "UNK" "UNK" "5/21/89" "Oklahoma" ""
"1085" "00-0028374" "K.Nelson" "Kyle" "Nelson" "SF" "LS" "10/3/86" "New Mexico State" ""
"1086" "00-0028377" "J.Griffin" "John" "Griffin" "UNK" "UNK" "12/17/88" "Massachusetts" ""
"1087" "00-0028376" "R.Eddins" "Robert" "Eddins" "UNK" "UNK" "10/11/88" "Ball State" ""
"1088" "00-0028371" "C.Marshall" "Craig" "Marshall" "UNK" "UNK" "2/10/88" "South Florida" ""
"1089" "00-0028370" "J.Johnson" "Jerrod" "Johnson" "DAL" "QB" "7/27/88" "Texas A&M" ""
"1090" "00-0028373" "C.Smith" "Chris" "Smith" "UNK" "UNK" "6/23/87" "Northern Illinois" ""
"1091" "00-0031738" "" "Justin" "Currie" "NYG" "DB" "9/19/93" "Western Michigan" ""
"1092" "00-0031733" "" "Nick" "Marshall" "UNK" "UNK" "6/30/92" "Auburn" ""
"1093" "00-0031732" "" "Connor" "Hamlett" "CLE" "TE" "4/12/92" "Oregon State" ""
"1094" "00-0031731" "" "Corey" "Grant" "UNK" "UNK" "12/19/91" "Auburn" ""
"1095" "00-0031730" "" "Eric" "Crume" "CAR" "DT" "10/18/93" "Syracuse" ""
"1096" "00-0028599" "E.Joseph" "Eli" "Joseph" "UNK" "UNK" "6/20/88" "Temple" ""
"1097" "00-0028598" "M.Jennings" "M.D." "Jennings" "UNK" "UNK" "7/25/88" "Arkansas State" ""
"1098" "00-0028591" "R.Dominguez" "Ray" "Dominguez" "UNK" "UNK" "7/12/88" "Arkansas" ""
"1099" "00-0028590" "A.Bratton" "Anthony" "Bratton" "UNK" "UNK" "12/11/87" "Delaware" ""
"1100" "00-0028595" "S.Tolzien" "Scott" "Tolzien" "IND" "QB" "9/4/87" "Wisconsin" ""
"1101" "00-0026998" "P.Harvin" "Percy" "Harvin" "UNK" "UNK" "5/28/88" "Florida" ""
"1102" "00-0026625" "B.Hoyer" "Brian" "Hoyer" "CHI" "QB" "10/13/85" "Michigan State" ""
"1103" "00-0026996" "B.Pettigrew" "Brandon" "Pettigrew" "DET" "TE" "2/23/85" "Oklahoma State" ""
"1104" "00-0026995" "J.Maclin" "Jeremy" "Maclin" "KC" "WR" "5/11/88" "Missouri" ""
"1105" "00-0026994" "R.Ayers" "Robert" "Ayers" "TB" "LB" "9/6/85" "Tennessee" ""
"1106" "00-0026991" "B.Cushing" "Brian" "Cushing" "HOU" "ILB" "1/24/87" "USC" ""
"1107" "00-0026622" "A.Ramsey" "Andre" "Ramsey" "UNK" "UNK" "7/24/87" "Ball State" ""
"1108" "00-0029422" "K.Tandy" "Keith" "Tandy" "TB" "SS" "2/12/89" "West Virginia" ""
"1109" "00-0029423" "C.Mitchell" "Charles" "Mitchell" "UNK" "UNK" "9/13/89" "Mississippi State" ""
"1110" "00-0029313" "" "Andrew" "Datko" "UNK" "UNK" "8/15/90" "Florida State" ""
"1111" "00-0029352" "P.Vassallo" "Paul" "Vassallo" "UNK" "UNK" "12/16/89" "Arizona" ""
"1112" "00-0029421" "R.Bullock" "Randy" "Bullock" "NYG" "K" "12/16/89" "Texas A&M" ""
"1113" "00-0031736" "T.Thomas" "" "" "UNK" "UNK" "" "" ""
"1114" "00-0032017" "G.Wilkins" "" "" "UNK" "UNK" "" "" ""
"1115" "00-0028097" "L.Smith" "Lee" "Smith" "OAK" "TE" "11/21/87" "Marshall" ""
"1116" "00-0029354" "R.Johnson" "Rishaw" "Johnson" "UNK" "UNK" "2/23/89" "California (PA)" ""
"1117" "00-0029355" "J.Nixon" "James" "Nixon" "UNK" "UNK" "2/2/88" "California (PA)" ""
"1118" "00-0029424" "M.McNutt" "Marvin" "McNutt" "UNK" "UNK" "7/4/89" "Iowa" ""
"1119" "00-0029425" "N.Mondek" "Nick" "Mondek" "UNK" "UNK" "11/3/88" "Purdue" ""
"1120" "00-0029358" "N.Eachus" "Nate" "Eachus" "UNK" "UNK" "6/15/90" "Colgate" ""
"1121" "00-0029359" "D.Heyman" "Dexter" "Heyman" "UNK" "UNK" "10/16/89" "Louisville" ""
"1122" "00-0029428" "E.Acho" "Emmanuel" "Acho" "UNK" "UNK" "11/10/90" "Texas" ""
"1123" "00-0024844" "S.Smith" "Shaine" "Smith" "UNK" "UNK" "12/25/83" "Hofstra" ""
"1124" "00-0024840" "E.Fowler" "Eric" "Fowler" "UNK" "UNK" "10/17/84" "Grand Valley State" ""
"1125" "00-0002655" "J.Carney" "John" "Carney" "UNK" "UNK" "4/20/64" "Notre Dame" ""
"1126" "00-0025719" "A.Jordan" "Akeem" "Jordan" "UNK" "UNK" "8/17/85" "James Madison" ""
"1127" "00-0025714" "J.Clark" "Jeremy" "Clark" "UNK" "UNK" "9/6/83" "Alabama" ""
"1128" "00-0025717" "N.Graham" "Nick" "Graham" "UNK" "UNK" "1/19/84" "Tulsa" ""
"1129" "00-0025713" "M.Smith" "Marcus" "Smith" "UNK" "UNK" "2/7/84" "Arizona" ""
"1130" "00-0029798" "" "C.J." "Akins" "UNK" "WR" "5/10/91" "Angelo State" ""
"1131" "00-0013845" "B.Robinson" "Bryan" "Robinson" "UNK" "UNK" "6/22/74" "Fresno State" ""
"1132" "00-0026197" "C.Henne" "Chad" "Henne" "UNK" "UNK" "7/2/85" "Michigan" ""
"1133" "00-0026196" "B.Brohm" "Brian" "Brohm" "UNK" "UNK" "9/23/85" "Louisville" ""
"1134" "00-0026195" "R.Rice" "Ray" "Rice" "UNK" "UNK" "1/22/87" "Rutgers" ""
"1135" "00-0026194" "J.Jones" "Jason" "Jones" "MIA" "DE" "5/23/86" "Eastern Michigan" ""
"1136" "00-0026193" "L.Sweed" "Limas" "Sweed" "UNK" "UNK" "12/25/84" "Texas" ""
"1137" "00-0026192" "Q.Groves" "Quentin" "Groves" "UNK" "UNK" "7/5/84" "Auburn" ""
"1138" "00-0026191" "M.Kelly" "Malcolm" "Kelly" "UNK" "UNK" "12/30/86" "Oklahoma" ""
"1139" "00-0026190" "C.Campbell" "Calais" "Campbell" "ARI" "DE" "9/1/86" "Miami (Fla.)" ""
"1140" "00-0026199" "M.Pollak" "Mike" "Pollak" "UNK" "UNK" "2/16/85" "Arizona State" ""
"1141" "00-0026198" "D.Jackson" "Dexter" "Jackson" "UNK" "UNK" "8/5/86" "Appalachian State" ""
"1142" "00-0027574" "A.Webster" "Aaron" "Webster" "UNK" "UNK" "7/20/88" "Cincinnati" ""
"1143" "00-0027575" "T.Williams" "Torri" "Williams" "UNK" "UNK" "8/29/86" "Purdue" ""
"1144" "00-0028886" "A.Bailey" "Antwon" "Bailey" "UNK" "UNK" "7/16/90" "Syracuse" ""
"1145" "00-0023003" "G.Warren" "Greg" "Warren" "PIT" "LS" "10/18/81" "North Carolina" ""
"1146" "00-0023001" "S.Suisham" "Shaun" "Suisham" "UNK" "UNK" "12/29/81" "Bowling Green State" ""
"1147" "00-0023008" "C.Carr" "Chris" "Carr" "UNK" "UNK" "4/30/83" "Boise State" ""
"1148" "00-0027716" "T.Gibson" "Thaddeus" "Gibson" "UNK" "UNK" "10/21/87" "Ohio State" ""
"1149" "00-0027717" "J.Hawley" "Joe" "Hawley" "TB" "C" "10/22/88" "Nevada-Las Vegas" ""
"1150" "00-0027714" "D.Pitta" "Dennis" "Pitta" "BAL" "TE" "6/29/85" "Brigham Young" ""
"1151" "00-0027715" "P.Dillard" "Phillip" "Dillard" "UNK" "UNK" "12/10/86" "Nebraska" ""
"1152" "00-0027712" "J.McKnight" "Joe" "McKnight" "UNK" "UNK" "4/16/88" "USC" ""
"1153" "00-0027713" "A.Hernandez" "Aaron" "Hernandez" "UNK" "UNK" "11/6/89" "Florida" ""
"1154" "00-0027710" "D.Stuckey" "Darrell" "Stuckey" "SD" "DB" "6/16/87" "Kansas" ""
"1155" "00-0027711" "W.Thurmond" "Walter" "Thurmond" "UNK" "UNK" "8/12/87" "Oregon" ""
"1156" "00-0027718" "G.Graham" "Garrett" "Graham" "DEN" "TE" "8/4/86" "Wisconsin" ""
"1157" "00-0027719" "A.Edds" "A.J." "Edds" "UNK" "UNK" "9/18/87" "Iowa" ""
"1158" "00-0031131" "L.Pegues" "Lee" "Pegues" "UNK" "UNK" "7/13/91" "East Carolina" ""
"1159" "00-0031130" "C.Jones" "Christian" "Jones" "CHI" "ILB" "2/18/91" "Florida State" ""
"1160" "00-0031133" "" "Cody" "Booth" "UNK" "UNK" "4/22/91" "Temple" ""
"1161" "00-0031135" "J.Ankrah" "Jason" "Ankrah" "UNK" "UNK" "2/26/91" "Nebraska" ""
"1162" "00-0031134" "D.Lattimore" "DeDe" "Lattimore" "UNK" "UNK" "1/30/91" "South Florida" ""
"1163" "00-0031137" "Au .Brown" "Austin" "Brown" "UNK" "UNK" "9/14/91" "Miami (Ohio)" ""
"1164" "00-0031136" "C.Boswell" "Chris" "Boswell" "PIT" "K" "3/16/91" "Rice" ""
"1165" "00-0031138" "M.Bullough" "Max" "Bullough" "HOU" "ILB" "2/11/92" "Michigan State" ""
"1166" "00-0032103" "" "Denzel" "Perryman" "SD" "ILB" "12/5/92" "Miami (Fla.)" ""
"1167" "00-0032102" "" "Stephone" "Anthony" "NO" "MLB" "7/28/92" "Clemson" ""
"1168" "00-0032105" "" "Senquez" "Golson" "PIT" "CB" "7/7/93" "Mississippi" ""
"1169" "00-0032107" "" "Angelo" "Blackson" "TEN" "DE" "11/14/92" "Auburn" ""
"1170" "00-0032106" "" "Craig" "Mager" "SD" "CB" "6/11/92" "Texas State" ""
"1171" "00-0032109" "" "Kwon" "Alexander" "TB" "MLB" "8/3/94" "LSU" ""
"1172" "00-0032108" "" "James" "Sample" "UNK" "UNK" "6/23/92" "Louisville" ""
"1173" "00-0031897" "" "Thomas" "Rawls" "SEA" "RB" "8/3/93" "Central Michigan" ""
"1174" "00-0023477" "Ke.Burnett" "Kevin" "Burnett" "UNK" "UNK" "12/24/82" "Tennessee" ""
"1175" "00-0023476" "M.Roos" "Michael" "Roos" "UNK" "UNK" "10/5/82" "Eastern Washington" ""
"1176" "00-0023475" "J.Bullocks" "Josh" "Bullocks" "UNK" "UNK" "2/28/83" "Nebraska" ""
"1177" "00-0023474" "M.Bradley" "Mark" "Bradley" "UNK" "UNK" "1/29/82" "Oklahoma" ""
"1178" "00-0023473" "S.Routt" "Stanford" "Routt" "UNK" "UNK" "7/26/83" "Houston" ""
"1179" "00-0023472" "S.Cody" "Shaun" "Cody" "UNK" "UNK" "1/22/83" "USC" ""
"1180" "00-0023471" "B.Ruud" "Barrett" "Ruud" "UNK" "UNK" "5/20/83" "Nebraska" ""
"1181" "00-0023470" "R.Brown" "Reggie" "Brown" "UNK" "UNK" "1/13/81" "Georgia" ""
"1182" "00-0021525" "C.Fitzsimmons" "Casey" "Fitzsimmons" "UNK" "UNK" "10/10/80" "Carroll (Mont.)" ""
"1183" "00-0022876" "R.Leisle" "Rodney" "Leisle" "UNK" "UNK" "2/5/81" "UCLA" ""
"1184" "00-0022870" "S.Andrews" "Stacy" "Andrews" "UNK" "UNK" "6/2/81" "Mississippi" ""
"1185" "00-0028744" "R.Pugh" "Ryan" "Pugh" "UNK" "UNK" "12/4/88" "Auburn" ""
"1186" "00-0028745" "A.Santella" "Anthony" "Santella" "UNK" "UNK" "3/6/88" "Illinois" ""
"1187" "00-0028746" "D.Adams" "Darvin" "Adams" "UNK" "UNK" "1/5/90" "Auburn" ""
"1188" "00-0028295" "C.Franklin" "Collin" "Franklin" "UNK" "UNK" "7/20/88" "Iowa State" ""
"1189" "00-0028292" "N.Bellore" "Nick" "Bellore" "SF" "LB" "5/12/89" "Central Michigan" ""
"1190" "00-0028293" "M.Campbell" "Michael" "Campbell" "UNK" "UNK" "8/12/89" "Temple" ""
"1191" "00-0028742" "T.Keiser" "Thomas" "Keiser" "UNK" "UNK" "3/28/89" "Stanford" ""
"1192" "00-0028743" "A.Kunalic" "Adi" "Kunalic" "UNK" "UNK" "4/1/89" "Nebraska" ""
"1193" "00-0028748" "J.Warren" "Jamorris" "Warren" "UNK" "UNK" "2/15/87" "Central Missouri State" ""
"1194" "00-0028749" "" "Darius" "Morris" "UNK" "UNK" "4/28/88" "Temple" ""
"1195" "00-0028298" "C.Smith" "Courtney" "Smith" "UNK" "UNK" "3/6/87" "South Alabama" ""
"1196" "00-0030778" "" "Curtis" "Feigt" "UNK" "UNK" "11/23/89" "West Virginia" ""
"1197" "00-0030779" "" "Dan" "France" "CLE" "OL" "4/1/91" "Michigan State" ""
"1198" "00-0020368" "B.Hamilton" "Ben" "Hamilton" "UNK" "UNK" "8/18/77" "Minnesota" ""
"1199" "00-0030770" "B.Coyle" "Brock" "Coyle" "SEA" "MLB" "10/12/90" "Montana" ""
"1200" "00-0030771" "J.Jeffcoat" "Jackson" "Jeffcoat" "UNK" "UNK" "12/26/90" "Texas" ""
"1201" "00-0030772" "" "Justin" "Anderson" "UNK" "UNK" "1/16/91" "Louisiana-Lafayette" ""
"1202" "00-0030773" "" "Thomas" "Gordon" "UNK" "UNK" "3/20/91" "Michigan" ""
"1203" "00-0032214" "" "Tyler" "Kroft" "CIN" "TE" "10/15/92" "Rutgers" ""
"1204" "00-0029277" "J.Howard" "Jaye" "Howard" "KC" "DE" "12/20/88" "Florida" ""
"1205" "00-0029276" "E.Rodriguez" "Evan" "Rodriguez" "UNK" "UNK" "9/21/88" "Temple" ""
"1206" "00-0029275" "L.Green" "Ladarius" "Green" "PIT" "TE" "5/29/90" "Louisiana-Lafayette" ""
"1207" "00-0029274" "D.Wylie" "Devon" "Wylie" "UNK" "UNK" "9/2/88" "Fresno State" ""
"1208" "00-0029273" "R.Turbin" "Robert" "Turbin" "IND" "RB" "12/2/89" "Utah State" ""
"1209" "00-0025630" "C.Harris" "Clark" "Harris" "CIN" "LS" "7/10/84" "Rutgers" ""
"1210" "00-0025637" "A.Bradshaw" "Ahmad" "Bradshaw" "UNK" "UNK" "3/19/86" "Marshall" ""
"1211" "00-0025636" "D.Stanley" "Derek" "Stanley" "UNK" "UNK" "8/27/85" "Wis.-Whitewater" ""
"1212" "00-0026785" "J.Harris" "JaRon" "Harris" "UNK" "UNK" "5/6/86" "South Dakota State" ""
"1213" "00-0033029" "" "Kelsey" "Young" "UNK" "UNK" "5/4/93" "Boise State" ""
"1214" "00-0033028" "" "Michael" "Wakefield" "WAS" "LB" "1/12/94" "Florida International" ""
"1215" "00-0033025" "" "Jalen" "Richard" "OAK" "RB" "10/15/93" "Southern Mississippi" ""
"1216" "00-0033024" "" "Branden" "Jackson" "OAK" "DE" "11/11/92" "Texas Tech" ""
"1217" "00-0033027" "" "Joe" "Licata" "UNK" "UNK" "11/16/92" "Buffalo" ""
"1218" "00-0033021" "" "Jake" "Lampman" "NO" "WR" "6/11/93" "Ferris State" ""
"1219" "00-0030774" "" "Eathyn" "Manumaleuna" "UNK" "UNK" "1/18/89" "Brigham Young" ""
"1220" "00-0030775" "K.Quarles" "Kelcy" "Quarles" "IND" "DT" "1/23/92" "South Carolina" ""
"1221" "00-0030776" "K.Wynn" "Kerry" "Wynn" "NYG" "DE" "2/12/91" "Richmond" ""
"1222" "00-0030777" "" "James" "Davidson" "UNK" "UNK" "11/1/90" "Texas-El Paso" ""
"1223" "00-0024129" "B.Costanzo" "Blake" "Costanzo" "UNK" "UNK" "4/14/84" "Lafayette" ""
"1224" "00-0030616" "" "Patrick" "Ford" "UNK" "UNK" "4/11/90" "Eastern Kentucky" ""
"1225" "00-0030244" "" "Michael" "Smith" "UNK" "WR" "8/22/90" "Connecticut" ""
"1226" "00-0030615" "" "James" "Winchester" "KC" "LS" "8/6/89" "Oklahoma" ""
"1227" "00-0030614" "" "Rahsaan" "Vaughn" "UNK" "UNK" "12/22/90" "Oregon" ""
"1228" "00-0030612" "" "Brandon" "Hartson" "UNK" "UNK" "10/3/89" "Houston" ""
"1229" "00-0030611" "A.Williams" "Ashante" "Williams" "UNK" "UNK" "2/15/90" "Illinois" ""
"1230" "00-0031807" "I.Claiborne" "" "" "UNK" "UNK" "" "" ""
"1231" "00-0030610" "J.Mathis" "Jonathan" "Mathis" "UNK" "UNK" "2/4/89" "Texas A&M" ""
"1232" "00-0029702" "J.Criner" "Juron" "Criner" "UNK" "UNK" "12/12/89" "Arizona" ""
"1233" "00-0012333" "C.Okeafor" "Chike" "Okeafor" "UNK" "UNK" "3/27/76" "Purdue" ""
"1234" "00-0025529" "S.Breaston" "Steve" "Breaston" "UNK" "UNK" "8/20/83" "Michigan" ""
"1235" "00-0025528" "G.Peterson" "Greg" "Peterson" "UNK" "UNK" "1/21/84" "North Carolina Central" ""
"1236" "00-0025523" "C.Session" "Clint" "Session" "UNK" "UNK" "9/22/84" "Pittsburgh" ""
"1237" "00-0025526" "D.Fry" "Dustin" "Fry" "UNK" "UNK" "10/3/83" "Clemson" ""
"1238" "00-0025525" "J.Richardson" "Jay" "Richardson" "UNK" "UNK" "1/27/84" "Ohio State" ""
"1239" "00-0025524" "L.McClain" "Le'Ron" "McClain" "UNK" "UNK" "12/27/84" "Alabama" ""
"1240" "00-0028128" "C.Jones" "Colin" "Jones" "CAR" "DB" "10/27/87" "Texas Christian" ""
"1241" "00-0028129" "J.Kelce" "Jason" "Kelce" "PHI" "C" "11/5/87" "Cincinnati" ""
"1242" "00-0020737" "J.Reed" "Jeff" "Reed" "UNK" "UNK" "4/9/79" "North Carolina" ""
"1243" "00-0031698" "" "Dillon" "Day" "DEN" "C" "10/17/91" "Mississippi State" ""
"1244" "00-0031699" "" "Kyle" "Roberts" "UNK" "UNK" "2/9/92" "Nevada" ""
"1245" "00-0028120" "R.Johnson" "Ronald" "Johnson" "UNK" "UNK" "8/3/88" "USC" ""
"1246" "00-0028121" "J.Todman" "Jordan" "Todman" "IND" "RB" "2/24/90" "Connecticut" ""
"1247" "00-0031696" "" "Zaire" "Anderson" "DEN" "LB" "8/18/92" "Nebraska" ""
"1248" "00-0028123" "G.Jones" "Greg K." "Jones" "UNK" "UNK" "10/5/88" "Michigan State" ""
"1249" "00-0028124" "D.Smith" "D.J." "Smith" "UNK" "UNK" "2/24/89" "Appalachian State" ""
"1250" "00-0028125" "A.Bradford" "Allen" "Bradford" "UNK" "UNK" "8/31/88" "USC" ""
"1251" "00-0028126" "C.Rucker" "Chris" "Rucker" "UNK" "UNK" "10/12/88" "Michigan State" ""
"1252" "00-0028127" "M.Mohamed" "Mike" "Mohamed" "UNK" "UNK" "3/11/88" "California" ""
"1253" "00-0029790" "" "Brandon" "Thurmond" "UNK" "UNK" "2/15/90" "Arkansas-Pine Bluff" ""
"1254" "00-0029659" "M.Jones" "Marcel" "Jones" "SD" "OT" "9/4/88" "Nebraska" ""
"1255" "00-0029658" "C.White" "Corey" "White" "BUF" "DB" "5/9/90" "Samford" ""
"1256" "00-0021100" "J.Putzier" "Jeb" "Putzier" "UNK" "UNK" "1/20/79" "Boise State" ""
"1257" "00-0029651" "E.Folk" "Erik" "Folk" "UNK" "UNK" "1/26/89" "Washington" ""
"1258" "00-0029650" "E.Coughman" "Edawn" "Coughman" "UNK" "UNK" "7/21/88" "Shaw" ""
"1259" "00-0029653" "F.Cox" "Fletcher" "Cox" "PHI" "DE" "12/13/90" "Mississippi State" ""
"1260" "00-0029655" "T.Finau" "Tevita" "Finau" "UNK" "UNK" "1/13/86" "Utah" ""
"1261" "00-0029654" "A.Jenkins" "A.J." "Jenkins" "UNK" "UNK" "9/8/89" "Illinois" ""
"1262" "00-0029657" "A.Hicks" "Akiem" "Hicks" "CHI" "DE" "11/16/89" "Regina (Canada)" ""
"1263" "00-0029656" "M.Hardison" "Matt" "Hardison" "UNK" "UNK" "5/23/88" "Delaware" ""
"1264" "00-0032923" "" "Terrell" "Chestnut" "SD" "CB" "12/10/91" "West Virginia" ""
"1265" "00-0032922" "" "Marwin" "Evans" "GB" "DB" "4/10/93" "Utah State" ""
"1266" "00-0032921" "" "Zach" "Sterup" "KC" "OT" "5/14/92" "Nebraska" ""
"1267" "00-0032920" "" "Garrick" "Mayweather" "UNK" "UNK" "10/30/94" "Fordham" ""
"1268" "00-0027969" "C.Heyward" "Cameron" "Heyward" "PIT" "DE" "5/6/89" "Ohio State" ""
"1269" "00-0027968" "M.Wilkerson" "Muhammad" "Wilkerson" "NYJ" "DE" "10/22/89" "Temple" ""
"1270" "00-0032924" "" "Ryan" "Langford" "UNK" "UNK" "6/10/93" "New Mexico" ""
"1271" "00-0027965" "J.Smith" "Jimmy" "Smith" "BAL" "CB" "7/26/88" "Colorado" ""
"1272" "00-0027964" "J.Baldwin" "Jon" "Baldwin" "UNK" "UNK" "8/10/89" "Pittsburgh" ""
"1273" "00-0027967" "G.Carimi" "Gabe" "Carimi" "UNK" "UNK" "6/13/88" "Wisconsin" ""
"1274" "00-0027966" "M.Ingram" "Mark" "Ingram" "NO" "RB" "12/21/89" "Alabama" ""
"1275" "00-0032290" "" "Trovon" "Reed" "SEA" "CB" "12/30/90" "Auburn" ""
"1276" "00-0027961" "D.Watkins" "Danny" "Watkins" "UNK" "UNK" "11/6/84" "Baylor" ""
"1277" "00-0027960" "A.Castonzo" "Anthony" "Castonzo" "IND" "T" "8/9/88" "Boston College" ""
"1278" "00-0027963" "J.Carpenter" "James" "Carpenter" "NYJ" "G" "3/22/89" "Alabama" ""
"1279" "00-0027962" "C.Jordan" "Cameron" "Jordan" "NO" "DE" "7/10/89" "California" ""
"1280" "00-0021106" "K.Shaffer" "Kevin" "Shaffer" "UNK" "UNK" "3/2/80" "Tulsa" ""
"1281" "00-0031962" "" "Mario" "Alford" "CIN" "WR" "2/25/92" "West Virginia" ""
"1282" "00-0030681" "R.Finch" "Roy" "Finch" "UNK" "UNK" "10/1/91" "Oklahoma" ""
"1283" "00-0030682" "S.Gary" "Shamiel" "Gary" "MIA" "DB" "5/31/90" "Oklahoma State" ""
"1284" "00-0031968" "" "E.J." "Bibbs" "UNK" "UNK" "8/28/91" "Iowa State" ""
"1285" "00-0030683" "" "Cameron" "Gordon" "UNK" "UNK" "6/5/91" "Michigan" ""
"1286" "00-0030684" "T.Hawkins" "Travis" "Hawkins" "UNK" "UNK" "2/18/91" "Delaware" ""
"1287" "00-0027389" "T.Skinner" "Terrell" "Skinner" "UNK" "UNK" "2/24/87" "Maryland" ""
"1288" "00-0027388" "A.Rhea" "Aaron" "Rhea" "UNK" "UNK" "" "Stephen F. Austin St." ""
"1289" "00-0027380" "P.Stoudamire" "Patrick" "Stoudamire" "UNK" "UNK" "2/21/88" "Western Illinois" ""
"1290" "00-0027385" "T.Austin" "Thomas" "Austin" "UNK" "UNK" "11/14/86" "Clemson" ""
"1291" "00-0027384" "" "R.J." "Archer" "UNK" "UNK" "8/5/87" "William & Mary" ""
"1292" "00-0008484" "D.Johnson" "Dirk" "Johnson" "UNK" "UNK" "6/1/75" "Northern Colorado" ""
"1293" "00-0026382" "R.Jackson" "Rob" "Jackson" "UNK" "UNK" "11/3/85" "Kansas State" ""
"1294" "00-0026383" "J.LaRocque" "Joey" "LaRocque" "UNK" "UNK" "3/15/86" "Oregon State" ""
"1295" "00-0026380" "A.Patrick" "Allen" "Patrick" "UNK" "UNK" "2/15/84" "Oklahoma" ""
"1296" "00-0026381" "G.Schwartz" "Geoff" "Schwartz" "UNK" "UNK" "7/11/86" "Oregon" ""
"1297" "00-0026386" "M.Urrutia" "Mario" "Urrutia" "UNK" "UNK" "1/18/86" "Louisville" ""
"1298" "00-0026385" "L.Dotson" "Lionel" "Dotson" "UNK" "UNK" "2/11/85" "Arizona" ""
"1299" "00-0026388" "M.Monk" "Marcus" "Monk" "UNK" "UNK" "4/26/86" "Arkansas" ""
"1300" "00-0026389" "C.Horton" "Chris" "Horton" "UNK" "UNK" "12/29/84" "UCLA" ""
"1301" "00-0027033" "P.Kruger" "Paul" "Kruger" "UNK" "UNK" "2/15/86" "Utah" ""
"1302" "00-0027032" "F.Moala" "Fili" "Moala" "UNK" "UNK" "6/23/85" "USC" ""
"1303" "00-0029783" "" "Troy" "Sanders" "UNK" "UNK" "1/23/91" "Appalachian State" ""
"1304" "00-0029788" "" "Matt" "Smith" "UNK" "UNK" "5/1/90" "Kentucky" ""
"1305" "00-0027031" "W.Moore" "William" "Moore" "UNK" "UNK" "5/18/85" "Missouri" ""
"1306" "00-0027030" "P.Loadholt" "Phil" "Loadholt" "UNK" "UNK" "1/21/86" "Oklahoma" ""
"1307" "00-0027037" "S.Smith" "Sean" "Smith" "OAK" "DB" "7/14/87" "Utah" ""
"1308" "00-0027036" "W.Beatty" "Will" "Beatty" "NYG" "OT" "3/2/85" "Connecticut" ""
"1309" "00-0027035" "S.Martin" "Sherrod" "Martin" "UNK" "UNK" "10/12/84" "Troy" ""
"1310" "00-0027034" "S.Vollmer" "Sebastian" "Vollmer" "NE" "T" "7/10/84" "Houston" ""
"1311" "00-0027039" "C.Brown" "Cody" "Brown" "UNK" "UNK" "11/9/86" "Connecticut" ""
"1312" "00-0027038" "S.Marks" "Sen'Derrick" "Marks" "UNK" "UNK" "2/23/87" "Auburn" ""
"1313" "00-0029139" "A.Gettis" "Adam" "Gettis" "NYG" "OT" "12/9/88" "Iowa" ""
"1314" "00-0023199" "D.Reid" "Darrell" "Reid" "UNK" "UNK" "6/20/82" "Minnesota" ""
"1315" "00-0030187" "R.Ross" "Rashad" "Ross" "WAS" "WR" "2/2/90" "Arizona State" ""
"1316" "00-0030185" "N.Nicholas" "Nigel" "Nicholas" "UNK" "UNK" "5/3/90" "Oklahoma State" ""
"1317" "00-0030184" "" "Oscar" "Johnson" "UNK" "UNK" "3/1/90" "Louisiana Tech" ""
"1318" "00-0030182" "" "Travis" "Harvey" "UNK" "UNK" "5/18/90" "Florida A&M" ""
"1319" "00-0033020" "" "Vi" "Teofilo" "SD" "OG" "12/20/93" "Arizona State" ""
"1320" "00-0029772" "" "Seth" "Doege" "UNK" "QB" "12/18/88" "Texas Tech" ""
"1321" "00-0029775" "" "Theo" "Goins" "UNK" "UNK" "11/1/88" "Central Florida" ""
"1322" "00-0030181" "J.Doyle" "Jack" "Doyle" "IND" "TE" "5/5/90" "Western Kentucky" ""
"1323" "00-0030180" "M.Bonani" "Maikon" "Bonani" "UNK" "UNK" "1/29/89" "South Florida" ""
"1324" "00-0030189" "J.Willard" "Jonathan" "Willard" "UNK" "UNK" "1/10/90" "Clemson" ""
"1325" "00-0030188" "D.Watkins" "Dontel" "Watkins" "UNK" "UNK" "4/4/90" "Murray State" ""
"1326" "00-0025892" "M.Bumpus" "Michael" "Bumpus" "UNK" "UNK" "12/13/85" "Washington State" ""
"1327" "00-0033012" "" "Kenton" "Adeyemi" "CLE" "DT" "1/13/92" "Connecticut" ""
"1328" "00-0033013" "" "Sam" "Bergen" "TEN" "RB" "3/6/92" "Rutgers" ""
"1329" "00-0033018" "" "Michael" "Smith" "UNK" "UNK" "12/18/92" "Southern Mississippi" ""
"1330" "00-0031361" "C.Kirksey" "Chris" "Kirksey" "CLE" "ILB" "8/31/92" "Iowa" ""
"1331" "00-0023800" "J.Petrowski" "Jamie" "Petrowski" "UNK" "UNK" "7/12/82" "Indiana State" ""
"1332" "00-0031363" "" "Michael" "Palardy" "CLE" "P" "7/6/92" "Tennessee" ""
"1333" "00-0032319" "" "Ross" "Travis" "KC" "TE" "1/9/93" "Penn State" ""
"1334" "00-0028357" "A.Walters" "Anthony" "Walters" "UNK" "UNK" "9/19/88" "Delaware" ""
"1335" "00-0028354" "W.Venable" "Winston" "Venable" "UNK" "UNK" "3/31/87" "Boise State" ""
"1336" "00-0028353" "A.Smith" "Andre" "Smith" "UNK" "UNK" "9/26/88" "Virginia Tech" ""
"1337" "00-0028352" "D.Sanzenbacher" "Dane" "Sanzenbacher" "UNK" "UNK" "10/13/88" "Ohio State" ""
"1338" "00-0028350" "D.Minor" "Deron" "Minor" "UNK" "UNK" "8/11/88" "McNeese State" ""
"1339" "00-0028359" "M.Bethel-Thompson" "McLeod" "Bethel-Thompson" "PHI" "QB" "7/3/88" "Sacramento State" ""
"1340" "00-0031679" "" "Joshua" "Stangby" "UNK" "UNK" "9/24/90" "Ottawa (Kans.)" ""
"1341" "00-0031755" "" "Jameill" "Showers" "DAL" "QB" "9/6/91" "Texas-El Paso" ""
"1342" "00-0031757" "" "Lucky" "Whitehead" "DAL" "WR" "6/2/92" "Florida Atlantic" ""
"1343" "00-0031756" "" "Ray" "Vinopal" "PIT" "DB" "11/5/91" "Pittsburgh" ""
"1344" "00-0026819" "K.Huggins" "Kareem" "Huggins" "UNK" "UNK" "5/24/86" "Hofstra" ""
"1345" "00-0026812" "C.Crane" "Chris" "Crane" "UNK" "UNK" "4/18/86" "Boston College" ""
"1346" "00-0026813" "M.Tauiliili" "Michael" "Tauiliili" "UNK" "UNK" "10/29/86" "Duke" ""
"1347" "00-0026816" "D.Muhtadi" "Dean" "Muhtadi" "UNK" "UNK" "7/17/86" "Maryland" ""
"1348" "00-0026814" "D.Dotson" "Demar" "Dotson" "TB" "T" "10/11/85" "Southern Mississippi" ""
"1349" "00-0026815" "T.Ford" "Trevor" "Ford" "UNK" "UNK" "2/19/86" "Troy" ""
"1350" "00-0032498" "" "Trevon" "Hartfield" "ARI" "DB" "11/17/91" "Southwestern Oklahoma State" ""
"1351" "00-0030229" "" "Bryan" "Collins" "UNK" "UNK" "11/7/90" "Southern Methodist" ""
"1352" "00-0016334" "T.Thomas" "Tra" "Thomas" "UNK" "UNK" "11/20/74" "Florida State" ""
"1353" "00-0022041" "R.Angulo" "Richard" "Angulo" "UNK" "UNK" "8/13/80" "Western New Mexico" ""
"1354" "00-0022040" "S.Shanle" "Scott" "Shanle" "UNK" "UNK" "11/23/79" "Nebraska" ""
"1355" "00-0027740" "" "Ed" "Wang" "UNK" "UNK" "3/12/87" "Virginia Tech" ""
"1356" "00-0022045" "T.Newman" "Terence" "Newman" "MIN" "CB" "9/4/78" "Kansas State" ""
"1357" "00-0022044" "A.Johnson" "Andre" "Johnson" "TEN" "WR" "7/11/81" "Miami (Fla.)" ""
"1358" "00-0022047" "T.Brayton" "Tyler" "Brayton" "UNK" "UNK" "11/20/79" "Colorado" ""
"1359" "00-0022046" "M.Trufant" "Marcus" "Trufant" "UNK" "UNK" "12/25/80" "Washington State" ""
"1360" "00-0022049" "K.Hamlin" "Ken" "Hamlin" "UNK" "UNK" "1/20/81" "Arkansas" ""
"1361" "00-0026607" "B.Bolen" "Brock" "Bolen" "UNK" "UNK" "3/24/85" "Louisville" ""
"1362" "00-0026970" "R.Felix" "Robby" "Felix" "UNK" "UNK" "6/3/86" "Texas-El Paso" ""
"1363" "00-0026605" "R.Allen" "Russell" "Allen" "UNK" "UNK" "5/5/86" "San Diego State" ""
"1364" "00-0032015" "M.Dyer" "" "" "UNK" "UNK" "" "" ""
"1365" "00-0026603" "P.Trautwein" "Phil" "Trautwein" "UNK" "UNK" "4/15/86" "Florida" ""
"1366" "00-0021654" "J.Hanson" "Joselio" "Hanson" "UNK" "UNK" "8/13/81" "Texas Tech" ""
"1367" "00-0026977" "A.Strickland" "Andy" "Strickland" "UNK" "UNK" "9/2/87" "Wofford" ""
"1368" "00-0026976" "M.Parson" "Mark" "Parson" "UNK" "UNK" "5/9/86" "Ohio U." ""
"1369" "00-0026979" "J.Smith" "Jason" "Smith" "UNK" "UNK" "4/30/86" "Baylor" ""
"1370" "00-0029400" "N.Chandler" "Nate" "Chandler" "UNK" "UNK" "6/1/89" "UCLA" ""
"1371" "00-0021231" "D.Garrard" "David" "Garrard" "UNK" "UNK" "2/14/78" "East Carolina" ""
"1372" "00-0029403" "L.Rowells" "Lyndon" "Rowells" "UNK" "UNK" "3/8/88" "Humboldt State" ""
"1373" "00-0029408" "N.Perry" "Nick" "Perry" "GB" "OLB" "4/12/90" "USC" ""
"1374" "00-0029409" "M.Kendricks" "Mychal" "Kendricks" "PHI" "ILB" "9/28/90" "California" ""
"1375" "00-0021383" "B.McKinnie" "Bryant" "McKinnie" "UNK" "UNK" "9/23/79" "Miami (Fla.)" ""
"1376" "00-0021382" "R.Sims" "Ryan" "Sims" "UNK" "UNK" "5/4/80" "North Carolina" ""
"1377" "00-0021381" "Q.Jammer" "Quentin" "Jammer" "UNK" "UNK" "6/19/79" "Texas" ""
"1378" "00-0021385" "A.Gurode" "Andre" "Gurode" "UNK" "UNK" "3/6/79" "Colorado" ""
"1379" "00-0030402" "A.Spence" "Akeem" "Spence" "TB" "DT" "11/29/91" "Illinois" ""
"1380" "00-0030403" "B.Webb" "B.W." "Webb" "TEN" "DB" "5/3/90" "William & Mary" ""
"1381" "00-0030400" "M.Brown" "Marlon" "Brown" "UNK" "UNK" "4/22/91" "Georgia" ""
"1382" "00-0030401" "K.Alonso" "Kiko" "Alonso" "MIA" "LB" "8/14/90" "Oregon" ""
"1383" "00-0030406" "J.Baca" "Jeff" "Baca" "UNK" "UNK" "1/10/90" "UCLA" ""
"1384" "00-0030407" "B.Wilson" "Braden" "Wilson" "UNK" "UNK" "10/9/89" "Kansas State" ""
"1385" "00-0030404" "C.Thompson" "Chris" "Thompson" "WAS" "RB" "10/20/90" "Florida State" ""
"1386" "00-0030405" "J.Locke" "Jeff" "Locke" "MIN" "P" "9/27/89" "UCLA" ""
"1387" "00-0030408" "" "Travis" "Bond" "UNK" "UNK" "12/10/90" "North Carolina" ""
"1388" "00-0021236" "R.McMichael" "Randy" "McMichael" "UNK" "UNK" "6/28/79" "Georgia" ""
"1389" "00-0029429" "B.Brown" "Bryce" "Brown" "UNK" "UNK" "5/14/91" "Kansas State" ""
"1390" "00-0011641" "S.Morey" "Sean" "Morey" "UNK" "UNK" "2/26/76" "Brown" ""
"1391" "00-0032558" "" "Deonte" "Gibson" "UNK" "UNK" "2/22/93" "Northwestern" ""
"1392" "00-0032559" "" "Jay" "Lee" "DET" "WR" "6/29/93" "Baylor" ""
"1393" "00-0023391" "J.Seawright" "Jonas" "Seawright" "UNK" "UNK" "4/12/82" "North Carolina" ""
"1394" "00-0032552" "" "Adairius" "Barnes" "DET" "CB" "4/30/94" "Louisiana Tech" ""
"1395" "00-0032553" "" "Jace" "Billingsley" "DET" "WR" "5/17/93" "Eastern Oregon State" ""
"1396" "00-0032550" "" "Alonzo" "Russell" "CIN" "WR" "9/29/92" "Toledo" ""
"1397" "00-0032551" "" "John" "Weidenaar" "CIN" "OT" "9/15/92" "Montana State" ""
"1398" "00-0032556" "" "Chase" "Farris" "UNK" "UNK" "4/8/93" "Ohio State" ""
"1399" "00-0032557" "" "Adam" "Fuehne" "DET" "TE" "3/23/93" "Southern Illinois" ""
"1400" "00-0032554" "" "Quinshad" "Davis" "DET" "WR" "5/14/94" "North Carolina" ""
"1401" "00-0027555" "C.Gresham" "Clint" "Gresham" "UNK" "UNK" "8/24/86" "Texas Christian" ""
"1402" "00-0027557" "M.Cox" "Morgan" "Cox" "BAL" "LS" "4/26/86" "Tennessee" ""
"1403" "00-0027551" "J.Galette" "Junior" "Galette" "UNK" "UNK" "3/27/88" "Stillman" ""
"1404" "00-0027558" "J.Fletcher" "John" "Fletcher" "UNK" "UNK" "12/6/85" "Wyoming" ""
"1405" "00-0030038" "" "Zack" "Chibane" "UNK" "UNK" "1/28/91" "Syracuse" ""
"1406" "00-0027559" "A.Hall" "Ashton" "Hall" "UNK" "UNK" "8/18/88" "Marshall" ""
"1407" "00-0029006" "S.Hakim" "Saalim" "Hakim" "UNK" "UNK" "2/1/90" "Palomar Coll. CA (J.C.)" ""
"1408" "00-0023023" "C.Procter" "Cory" "Procter" "UNK" "UNK" "10/18/82" "Montana" ""
"1409" "00-0027738" "W.McFadden" "Walter" "McFadden" "UNK" "UNK" "1/21/87" "Auburn" ""
"1410" "00-0027739" "J.Conner" "John" "Conner" "UNK" "UNK" "6/8/87" "Kentucky" ""
"1411" "00-0027730" "O.Schofield" "O'Brien" "Schofield" "UNK" "UNK" "4/3/87" "Wisconsin" ""
"1412" "00-0027731" "R.Muckelroy" "Roddrick" "Muckelroy" "UNK" "UNK" "10/27/86" "Texas" ""
"1413" "00-0027732" "M.Hoomanawanui" "Michael" "Hoomanawanui" "NO" "TE" "7/4/88" "Illinois" ""
"1414" "00-0027733" "K.Chancellor" "Kam" "Chancellor" "SEA" "SS" "4/3/88" "Virginia Tech" ""
"1415" "00-0027734" "R.Sapp" "Ricky" "Sapp" "UNK" "UNK" "11/14/86" "Clemson" ""
"1416" "00-0027735" "D.Franks" "Dominique" "Franks" "UNK" "UNK" "10/8/87" "Oklahoma" ""
"1417" "00-0027736" "K.Lewis" "Kendrick" "Lewis" "BAL" "FS" "6/16/88" "Mississippi" ""
"1418" "00-0027737" "P.Cox" "Perrish" "Cox" "TEN" "CB" "1/10/87" "Oklahoma State" ""
"1419" "00-0031119" "C.Byndom" "Carrington" "Byndom" "BAL" "DB" "7/7/92" "Texas" ""
"1420" "00-0032129" "" "Jordan" "Hicks" "PHI" "ILB" "6/27/92" "Texas" ""
"1421" "00-0032128" "" "Chris" "Conley" "KC" "WR" "10/25/92" "Georgia" ""
"1422" "00-0032123" "" "Tre" "McBride" "TEN" "WR" "12/1/92" "William & Mary" ""
"1423" "00-0032122" "" "Joey" "Iosefa" "NE" "FB" "6/19/91" "Hawaii" ""
"1424" "00-0032121" "" "Andre" "Debose" "UNK" "UNK" "9/12/90" "Florida" ""
"1425" "00-0032120" "" "Neal" "Sterling" "UNK" "UNK" "1/14/92" "Monmouth (N.J.)" ""
"1426" "00-0032127" "" "Markus" "Golden" "ARI" "OLB" "3/13/91" "Missouri" ""
"1427" "00-0028946" "A.Brewer" "Aaron" "Brewer" "CHI" "LS" "7/5/90" "San Diego State" ""
"1428" "00-0000108" "D.Akers" "David" "Akers" "UNK" "UNK" "12/9/74" "Louisville" ""
"1429" "00-0029828" "L.Sampson" "Lanear" "Sampson" "UNK" "UNK" "7/17/90" "Baylor" ""
"1430" "00-0021891" "I.Taylor" "Ike" "Taylor" "UNK" "UNK" "5/5/80" "Louisiana-Lafayette" ""
"1431" "00-0024559" "D.Ware" "D.J." "Ware" "UNK" "UNK" "2/18/85" "Georgia" ""
"1432" "00-0028949" "I.Igbinosun" "Ikponmwosa" "Igbinosun" "UNK" "UNK" "9/10/90" "Southern Connecticut State" ""
"1433" "00-0028413" "M.Lockley" "Michael" "Lockley" "UNK" "UNK" "4/20/88" "Florida Atlantic" ""
"1434" "00-0026445" "W.Williams" "Willie" "Williams" "UNK" "UNK" "9/19/84" "Louisville" ""
"1435" "00-0022817" "S.Ryan" "Sean" "Ryan" "UNK" "UNK" "3/27/80" "Boston College" ""
"1436" "00-0022814" "D.Ball" "Dave" "Ball" "UNK" "UNK" "1/4/81" "UCLA" ""
"1437" "00-0022815" "G.Wilson" "Gibril" "Wilson" "UNK" "UNK" "11/12/81" "Tennessee" ""
"1438" "00-0022810" "R.Torbor" "Reggie" "Torbor" "UNK" "UNK" "1/25/81" "Auburn" ""
"1439" "00-0022811" "J.Cotchery" "Jerricho" "Cotchery" "UNK" "UNK" "6/16/82" "North Carolina State" ""
"1440" "00-0030792" "" "Justin" "McCray" "UNK" "UNK" "5/31/92" "Central Florida" ""
"1441" "00-0030790" "" "James" "Gayle" "UNK" "UNK" "2/15/91" "Virginia Tech" ""
"1442" "00-0030791" "" "Gabe" "Ikard" "DET" "C" "9/26/90" "Oklahoma" ""
"1443" "00-0030796" "" "Josh" "Stewart" "UNK" "UNK" "10/22/92" "Oklahoma State" ""
"1444" "00-0030797" "" "Derel" "Walker" "UNK" "UNK" "6/29/91" "Texas A&M" ""
"1445" "00-0030794" "" "Jaz" "Reynolds" "UNK" "UNK" "2/26/91" "Oklahoma" ""
"1446" "00-0030795" "H.Smith" "Hakeem" "Smith" "UNK" "UNK" "11/9/89" "Louisville" ""
"1447" "00-0030798" "" "Eric" "Ward" "UNK" "UNK" "7/24/90" "Texas Tech" ""
"1448" "00-0029541" "D.Menzie" "DeQuan" "Menzie" "UNK" "UNK" "1/1/90" "Alabama" ""
"1449" "00-0029015" "A.Szczerba" "Andrew" "Szczerba" "UNK" "UNK" "7/16/88" "Penn State" ""
"1450" "00-0029542" "S.Gilmore" "Stephon" "Gilmore" "BUF" "CB" "9/19/90" "South Carolina" ""
"1451" "00-0029012" "T.Novikoff" "Tyrone" "Novikoff" "UNK" "UNK" "5/25/88" "Idaho" ""
"1452" "00-0029546" "S.Kelemete" "Senio" "Kelemete" "NO" "G" "5/10/90" "Washington" ""
"1453" "00-0019650" "D.Northcutt" "Dennis" "Northcutt" "UNK" "UNK" "12/22/77" "Arizona" ""
"1454" "00-0023740" "T.Gafford" "Thomas" "Gafford" "UNK" "UNK" "1/29/83" "Houston" ""
"1455" "00-0032774" "" "Deon" "Bush" "CHI" "DB" "8/14/93" "Miami (Fla.)" ""
"1456" "00-0023742" "J.Ryan" "Jon" "Ryan" "SEA" "P" "11/26/81" "Regina (Canada)" ""
"1457" "00-0027183" "P.Pratt" "Paul" "Pratt" "UNK" "UNK" "5/1/85" "Nevada" ""
"1458" "00-0027182" "M.Mallett" "Martell" "Mallett" "UNK" "UNK" "5/13/86" "Arkansas-Pine Bluff" ""
"1459" "00-0032778" "" "Tajae" "Sharpe" "TEN" "WR" "12/23/94" "Massachusetts" ""
"1460" "00-0029753" "" "Deveric" "Gallington" "UNK" "UNK" "5/6/90" "Texas Tech" ""
"1461" "00-0032779" "" "Caleb" "Benenoch" "TB" "OT" "8/2/94" "UCLA" ""
"1462" "00-0027187" "M.Overton" "Matt" "Overton" "IND" "LS" "7/6/85" "Western Washington" ""
"1463" "00-0027196" "G.Derricks" "Gabriel" "Derricks" "UNK" "UNK" "1/8/88" "San Diego" ""
"1464" "00-0027185" "Bo.Smith" "Bo" "Smith" "UNK" "UNK" "6/8/83" "Weber State" ""
"1465" "00-0027674" "J.Veldheer" "Jared" "Veldheer" "ARI" "T" "6/14/87" "Hillsdale" ""
"1466" "00-0027677" "A.Carrington" "Alex" "Carrington" "UNK" "UNK" "6/19/87" "Arkansas State" ""
"1467" "00-0027676" "M.Burnett" "Morgan" "Burnett" "GB" "SS" "1/13/89" "Georgia Tech" ""
"1468" "00-0027671" "A.Spievey" "Amari" "Spievey" "UNK" "UNK" "4/15/88" "Iowa" ""
"1469" "00-0027670" "J.Murphy" "Jerome" "Murphy" "UNK" "UNK" "1/13/87" "South Florida" ""
"1470" "00-0027673" "J.Asamoah" "Jon" "Asamoah" "UNK" "UNK" "7/21/88" "Illinois" ""
"1471" "00-0027672" "M.Lewis" "Myron" "Lewis" "UNK" "UNK" "11/24/87" "Vanderbilt" ""
"1472" "00-0031963" "D.Rodriguez" "" "" "UNK" "UNK" "" "" ""
"1473" "00-0029356" "" "Scott" "Wedige" "UNK" "UNK" "11/20/88" "Northern Illinois" ""
"1474" "00-0029862" "" "Ryan" "Turnley" "UNK" "UNK" "5/1/90" "Pittsburgh" ""
"1475" "00-0029749" "" "Robert" "Gill" "UNK" "WR" "2/27/84" "Texas State" ""
"1476" "00-0028369" "" "Howard" "Barbieri" "UNK" "UNK" "11/7/87" "Rutgers" ""
"1477" "00-0029960" "" "Roderick" "Tomlin" "UNK" "UNK" "12/12/90" "Murray State" ""
"1478" "00-0029950" "" "Jeff" "Nady" "UNK" "UNK" "2/15/90" "Nevada" ""
"1479" "00-0029185" "" "Myles" "Wade" "UNK" "UNK" "8/30/89" "Portland State" ""
"1480" "00-0031813" "Z.Laskey" "" "" "UNK" "UNK" "" "" ""
"1481" "00-0032018" "A.Willis" "" "" "UNK" "UNK" "" "" ""
"1482" "00-0032937" "" "Max" "McCaffrey" "UNK" "UNK" "5/17/94" "Duke" ""
"1483" "00-0031880" "C.Fajardo" "" "" "UNK" "UNK" "" "" ""
"1484" "00-0030249" "" "Colby" "Cameron" "UNK" "QB" "4/5/90" "Louisiana Tech" ""
"1485" "00-0030178" "" "Eloy" "Atkinson" "UNK" "UNK" "1/24/90" "Texas-El Paso" ""
"1486" "00-0032229" "C.Williams" "" "" "UNK" "UNK" "" "" ""
"1487" "00-0030604" "" "Andrei" "Lintz" "UNK" "WR" "12/6/89" "Washington State" ""
"1488" "00-0030603" "" "James" "Nelson" "UNK" "UNK" "9/30/90" "Texas-El Paso" ""
"1489" "00-0029518" "" "Nate" "Menkin" "UNK" "UNK" "10/4/88" "Mary Hardin-Baylor" ""
"1490" "00-0030719" "" "Carey" "Spear" "UNK" "UNK" "1/5/92" "Vanderbilt" ""
"1491" "00-0029805" "" "Ryan" "Katz" "UNK" "QB" "11/1/90" "San Diego State" ""
"1492" "00-0030356" "" "Gary" "Walker" "UNK" "UNK" "5/10/91" "Idaho" ""
"1493" "00-0030397" "" "Adam" "Bice" "UNK" "UNK" "6/30/89" "Akron" ""
"1494" "00-0030617" "" "John" "Drew" "UNK" "UNK" "//" "North Carolina Central" ""
"1495" "00-0030136" "" "P.J." "Lonergan" "UNK" "UNK" "7/30/90" "LSU" ""
"1496" "00-0028710" "" "Hutch" "Eckerson" "UNK" "UNK" "2/19/88" "South Carolina" ""
"1497" "00-0030537" "" "A.J." "Lindeman" "UNK" "UNK" "3/18/90" "Toledo" ""
"1498" "00-0031901" "T.Wade" "" "" "UNK" "UNK" "" "" ""
"1499" "00-0027498" "" "Daniel" "Baldridge" "UNK" "UNK" "10/21/85" "Marshall" ""
"1500" "XX-0000001" "T.Davis" "" "" "UNK" "UNK" "" "" ""
"1501" "00-0020958" "B.Seymour" "" "" "UNK" "UNK" "" "" ""
"1502" "00-0027623" "B.Jones" "" "" "UNK" "UNK" "" "" ""
"1503" "00-0027641" "B.Lee" "" "" "UNK" "UNK" "" "" ""
"1504" "00-0027908" "J.Gamble" "" "" "UNK" "UNK" "" "" ""
"1505" "00-0027568" "W.Patterson" "" "" "UNK" "UNK" "" "" ""
"1506" "00-0028485" "H.Moore" "" "" "UNK" "UNK" "" "" ""
"1507" "00-0027646" "D.Bryant" "" "" "UNK" "UNK" "" "" ""
"1508" "00-0030605" "" "Andrew" "Starks" "UNK" "UNK" "12/7/90" "Princeton" ""
"1509" "00-0031898" "A.Singleton" "" "" "UNK" "UNK" "" "" ""
"1510" "00-0030597" "" "Tony" "Burnett" "UNK" "UNK" "6/29/90" "USC" ""
"1511" "00-0030345" "" "Daryell" "Walker" "UNK" "UNK" "2/4/91" "Hampton" ""
"1512" "00-0030347" "" "Lanston" "Tanyi" "UNK" "UNK" "10/20/90" "Colorado State" ""
"1513" "00-0029917" "" "Cordian" "Hagans" "UNK" "UNK" "2/7/89" "Louisiana-Lafayette" ""
"1514" "00-0030167" "" "Trey" "Gilleo" "UNK" "UNK" "11/24/89" "Northern Arizona" ""
"1515" "00-0029402" "" "Matt" "Reynolds" "UNK" "UNK" "5/31/86" "Brigham Young" ""
"1516" "00-0029969" "" "Chris" "Burnette" "UNK" "UNK" "2/15/90" "Old Dominion" ""
"1517" "00-0030409" "" "Dayne" "Crist" "UNK" "QB" "10/9/89" "Kansas" ""
"1518" "00-0029717" "" "Justin" "Wells" "UNK" "UNK" "1/6/88" "St. Augustine's" ""
"1519" "00-0030752" "" "Jay" "Elliott" "GB" "LB" "11/11/91" "Toledo" ""
"1520" "00-0029784" "" "Alec" "Savoie" "UNK" "UNK" "9/28/89" "McNeese State" ""
"1521" "00-0030159" "" "Brad" "Madison" "UNK" "UNK" "11/4/89" "Missouri" ""
"1522" "00-0030156" "" "A.J." "Hawkins" "UNK" "UNK" "5/26/90" "Mississippi" ""
"1523" "00-0029906" "" "Adam" "Smith" "UNK" "UNK" "4/9/90" "Western Kentucky" ""
"1524" "00-0029873" "" "Nigel" "Malone" "UNK" "UNK" "9/26/90" "Kansas State" ""
"1525" "00-0032104" "" "Ameer" "Abdullah" "DET" "RB" "6/13/93" "Nebraska" ""
"1526" "00-0030365" "" "Jordan" "Roberts" "UNK" "RB" "5/29/90" "Charleston (WV)" ""
"1527" "00-0030366" "" "Nic" "Purcell" "UNK" "UNK" "9/20/85" "Golden West Coll. CA (J.C.)" ""
"1528" "00-0030008" "" "Jeff" "Braun" "UNK" "UNK" "11/30/89" "West Virginia" ""
"1529" "00-0031476" "C.Louks" "" "" "UNK" "UNK" "" "" ""
"1530" "00-0030498" "" "Peter" "Tuitupou" "UNK" "WR" "2/21/88" "San Jose State" ""
"1531" "00-0030146" "" "Isaac" "Remington" "UNK" "UNK" "6/16/89" "Oregon" ""
"1532" "00-0030145" "" "Kyle" "Quinn" "UNK" "UNK" "2/9/90" "Arizona" ""
"1533" "00-0026955" "" "Ryan" "Durand" "UNK" "UNK" "11/17/85" "Syracuse" ""
"1534" "00-0030602" "" "Danous" "Estenor" "UNK" "UNK" "10/20/89" "South Florida" ""
"1535" "00-0031481" "T.Brandon" "" "" "UNK" "UNK" "" "" ""
"1536" "00-0032296" "D.Johnson" "" "" "UNK" "UNK" "" "" ""
"1537" "00-0029098" "E.Page" "Eric" "Page" "UNK" "UNK" "9/23/91" "Toledo" ""
"1538" "00-0031482" "" "Danny" "Mason" "CHI" "LB" "10/14/90" "Texas A&M-Commerce" ""
"1539" "00-0031769" "J.Manton" "" "" "UNK" "UNK" "" "" ""
"1540" "00-0032183" "D.McCullum" "" "" "UNK" "UNK" "" "" ""
"1541" "00-0032281" "T.Steelman" "" "" "UNK" "UNK" "" "" ""
"1542" "00-0028186" "E.Hagg" "Eric" "Hagg" "UNK" "UNK" "9/15/89" "Nebraska" ""
"1543" "00-0032288" "M.Johnson" "" "" "UNK" "UNK" "" "" ""
"1544" "00-0022217" "M.Moore" "Mewelde" "Moore" "UNK" "UNK" "7/24/82" "Tulane" ""
"1545" "00-0031515" "D.Celiscar" "" "" "UNK" "UNK" "" "" ""
"1546" "00-0031734" "C.Reed" "" "" "UNK" "UNK" "" "" ""
"1547" "00-0031984" "D.Cooper" "" "" "UNK" "UNK" "" "" ""
"1548" "00-0031614" "" "Obum" "Gwacham" "NO" "DE" "3/20/91" "Oregon State" ""
"1549" "00-0032225" "C.Beard" "" "" "UNK" "UNK" "" "" ""
"1550" "00-0031499" "B.Aiyegbusi" "" "" "UNK" "UNK" "" "" ""
"1551" "00-0031605" "B.Dubose" "" "" "UNK" "UNK" "" "" ""
"1552" "00-0030674" "S.Clark" "" "" "UNK" "UNK" "" "" ""
"1553" "00-0031883" "J.Harper" "" "" "UNK" "UNK" "" "" ""
"1554" "00-0032849" "" "Tre" "Roberson" "MIN" "DB" "10/22/92" "Illinois State" ""
"1555" "00-0030121" "D.King" "David" "King" "KC" "DE" "12/27/89" "Oklahoma" ""
"1556" "00-0032100" "" "Shakim" "Phillips" "PIT" "WR" "3/19/92" "Boston College" ""
"1557" "00-0028011" "S.Ridley" "Stevan" "Ridley" "IND" "RB" "1/27/89" "LSU" ""
"1558" "00-0028938" "I.Wild" "" "" "UNK" "UNK" "" "" ""
"1559" "00-0032292" "K.Doe" "" "" "UNK" "UNK" "" "" ""
"1560" "00-0028384" "J.Carter" "" "" "UNK" "UNK" "" "" ""
"1561" "00-0031805" "B.Vardaro" "" "" "UNK" "UNK" "" "" ""
"1562" "00-0030115" "" "Ryan" "Seymour" "NYG" "OG" "2/7/90" "Vanderbilt" ""
"1563" "00-0021377" "E.Reed" "Ed" "Reed" "UNK" "UNK" "9/11/78" "Miami (Fla.)" ""
"1564" "00-0026432" "L.Ball" "Lance" "Ball" "UNK" "UNK" "6/19/85" "Maryland" ""
"1565" "00-0031938" "" "Carl" "Davis" "BAL" "DE" "3/2/92" "Iowa" ""
"1566" "00-0027653" "T.Ward" "T.J." "Ward" "DEN" "SS" "12/12/86" "Oregon" ""
"1567" "00-0028013" "J.Moffitt" "John" "Moffitt" "UNK" "UNK" "10/28/86" "Wisconsin" ""
"1568" "00-0019536" "S.Graham" "Shayne" "Graham" "ATL" "K" "12/9/77" "Virginia Tech" ""
"1569" "00-0032237" "" "Jimmay" "Mundine" "UNK" "UNK" "11/12/91" "Kansas" ""
"1570" "00-0028542" "L.Jean" "Lestar" "Jean" "UNK" "UNK" "2/5/88" "Florida Atlantic" ""
"1571" "00-0028015" "J.Casey" "Jurrell" "Casey" "TEN" "DE" "12/5/89" "USC" ""
"1572" "00-0032176" "H.Coley" "" "" "UNK" "UNK" "" "" ""
"1573" "00-0031364" "J.Clowney" "Jadeveon" "Clowney" "HOU" "OLB" "2/14/93" "South Carolina" ""
"1574" "00-0032163" "M.Pierce-Brewster" "" "" "UNK" "UNK" "" "" ""
"1575" "00-0028016" "A.Pettis" "Austin" "Pettis" "UNK" "UNK" "2/8/88" "Boise State" ""
"1576" "00-0028721" "D.Lemmens" "Duke" "Lemmens" "UNK" "UNK" "9/27/88" "Florida" ""
"1577" "00-0032202" "T.Manning" "" "" "UNK" "UNK" "" "" ""
"1578" "00-0032101" "A.Hill" "" "" "UNK" "UNK" "" "" ""
"1579" "00-0032092" "D.Martin" "" "" "UNK" "UNK" "" "" ""
"1580" "00-0030847" "K.Lyn" "" "" "UNK" "UNK" "" "" ""
"1581" "00-0031631" "X.Dickson" "" "" "UNK" "UNK" "" "" ""
"1582" "00-0032304" "T.Creecy" "" "" "UNK" "UNK" "" "" ""
"1583" "00-0031855" "J.Jean" "" "" "UNK" "UNK" "" "" ""
"1584" "00-0032022" "H.Spears" "" "" "UNK" "UNK" "" "" ""
"1585" "00-0031543" "T.Long" "" "" "UNK" "UNK" "" "" ""
"1586" "00-0031684" "S.Wynn" "" "" "UNK" "UNK" "" "" ""
"1587" "00-0032216" "T.Hasson" "" "" "UNK" "UNK" "" "" ""
"1588" "00-0031970" "L.Feichter" "" "" "UNK" "UNK" "" "" ""
"1589" "00-0031528" "T.Jones" "" "" "UNK" "UNK" "" "" ""
"1590" "00-0032213" "" "Mike" "Reilly" "UNK" "UNK" "12/14/91" "William & Mary" ""
"1591" "00-0031529" "" "Reggie" "Bell" "UNK" "UNK" "5/6/92" "California-San Diego" ""
"1592" "00-0030898" "C.Dixon" "" "" "UNK" "UNK" "" "" ""
"1593" "00-0031541" "D.Davis" "" "" "UNK" "UNK" "" "" ""
"1594" "00-0032080" "" "Titus" "Davis" "NYJ" "WR" "1/3/93" "Central Michigan" ""
"1595" "00-0032082" "" "Jahwan" "Edwards" "CLE" "RB" "7/27/92" "Ball State" ""
"1596" "00-0031591" "C.Thompson" "" "" "UNK" "UNK" "" "" ""
"1597" "00-0031714" "D.Aultman" "" "" "UNK" "UNK" "" "" ""
"1598" "00-0032084" "" "Curtis" "Grant" "TEN" "LB" "12/28/92" "Ohio State" ""
"1599" "00-0031717" "" "Ray" "Drew" "UNK" "UNK" "9/24/92" "Georgia" ""
"1600" "00-0032298" "" "Bronson" "Hill" "CIN" "RB" "1/2/93" "Eastern Michigan" ""
"1601" "00-0031754" "" "Tim" "Scott" "UNK" "UNK" "1/25/93" "North Carolina" ""
"1602" "00-0032019" "K.Woestmann" "" "" "UNK" "UNK" "" "" ""
"1603" "00-0031903" "Q.Black" "" "" "UNK" "UNK" "" "" ""
"1604" "00-0031753" "" "Joel" "Ross" "UNK" "UNK" "6/12/92" "Appalachian State" ""
"1605" "00-0029099" "C.Alecxih" "Chas" "Alecxih" "CAR" "DT" "2/10/89" "Pittsburgh" ""
"1606" "00-0031748" "D.Greenberry" "" "" "UNK" "UNK" "" "" ""
"1607" "00-0031750" "N.Harwell" "" "" "UNK" "UNK" "" "" ""
"1608" "00-0032075" "M.Asprilla" "" "" "UNK" "UNK" "" "" ""
"1609" "00-0029093" "T.Urban" "Tyler" "Urban" "UNK" "UNK" "9/30/89" "West Virginia" ""
"1610" "00-0031867" "" "Brian" "Blechen" "CAR" "LB" "9/30/91" "Utah" ""
"1611" "00-0032142" "D.Baggs" "" "" "UNK" "UNK" "" "" ""
"1612" "00-0032159" "J.Lowdermilk" "" "" "UNK" "UNK" "" "" ""
"1613" "00-0032038" "M.Meyer" "" "" "UNK" "UNK" "" "" ""
"1614" "00-0031978" "J.Mincy" "" "" "UNK" "UNK" "" "" ""
"1615" "00-0031672" "W.Herring" "" "" "UNK" "UNK" "" "" ""
"1616" "00-0032011" "S.Meredith" "" "" "UNK" "UNK" "" "" ""
"1617" "00-0031668" "M.Clark" "" "" "UNK" "UNK" "" "" ""
"1618" "00-0031872" "S.Miller" "" "" "UNK" "UNK" "" "" ""
"1619" "00-0031637" "A.Hudson" "" "" "UNK" "UNK" "" "" ""
"1620" "00-0031638" "B.Larsen" "" "" "UNK" "UNK" "" "" ""
"1621" "00-0031874" "T.Redden" "" "" "UNK" "UNK" "" "" ""
"1622" "00-0031477" "K.Horsley" "" "" "UNK" "UNK" "" "" ""
"1623" "00-0031969" "P.Browning" "" "" "UNK" "UNK" "" "" ""
"1624" "00-0031789" "T.Obarski" "" "" "UNK" "UNK" "" "" ""
"1625" "00-0032002" "K.Harper" "" "" "UNK" "UNK" "" "" ""
"1626" "00-0032235" "T.Johnson" "" "" "UNK" "UNK" "" "" ""
"1627" "00-0031741" "C.Farrand" "" "" "UNK" "UNK" "" "" ""
"1628" "00-0032300" "J.Halley" "" "" "UNK" "UNK" "" "" ""
"1629" "00-0031739" "S.Donnelly" "" "" "UNK" "UNK" "" "" ""
"1630" "00-0031976" "E.Dargan" "" "" "UNK" "UNK" "" "" ""
"1631" "00-0031501" "S.Green" "" "" "UNK" "UNK" "" "" ""
"1632" "00-0032219" "G.Holliman" "" "" "UNK" "UNK" "" "" ""
"1633" "00-0032139" "B.Koyack" "" "" "UNK" "UNK" "" "" ""
"1634" "00-0031521" "" "Al-Hajj" "Shabazz" "PIT" "DB" "8/2/92" "West Chester" ""
"1635" "00-0031694" "J.Watson" "" "" "UNK" "UNK" "" "" ""
"1636" "00-0031509" "" "Marcus" "Rush" "SF" "LB" "6/19/91" "Michigan State" ""
"1637" "00-0031496" "K.Schmitz" "" "" "UNK" "UNK" "" "" ""
"1638" "00-0031798" "T.Farniok" "" "" "UNK" "UNK" "" "" ""
"1639" "00-0031710" "" "Jaxon" "Shipley" "ARI" "WR" "7/17/92" "Texas" ""
"1640" "00-0031840" "D.Brown" "" "" "UNK" "UNK" "" "" ""
"1641" "00-0031478" "L.Mackey" "" "" "UNK" "UNK" "" "" ""
"1642" "00-0031841" "Q.Buckley" "" "" "UNK" "UNK" "" "" ""
"1643" "00-0031697" "" "Jordan" "Taylor" "DEN" "WR" "2/18/92" "Rice" ""
"1644" "00-0032175" "D.Wells" "" "" "UNK" "UNK" "" "" ""
"1645" "00-0031690" "" "Eric" "Tomlinson" "HOU" "TE" "4/22/92" "Texas-El Paso" ""
"1646" "00-0032049" "W.Johnson" "" "" "UNK" "UNK" "" "" ""
"1647" "00-0031693" "" "Chuka" "Ndulue" "SD" "NT" "8/27/91" "Oklahoma" ""
"1648" "00-0032186" "M.Hicks" "" "" "UNK" "UNK" "" "" ""
"1649" "00-0031925" "C.McLeod" "" "" "UNK" "UNK" "" "" ""
"1650" "00-0032051" "J.Treadwell" "" "" "UNK" "UNK" "" "" ""
"1651" "00-0031473" "S.Lemon" "" "" "UNK" "UNK" "" "" ""
"1652" "00-0031721" "N.King" "" "" "UNK" "UNK" "" "" ""
"1653" "00-0031705" "A.Kirk" "" "" "UNK" "UNK" "" "" ""
"1654" "00-0031960" "" "Da'Ron" "Brown" "KC" "WR" "9/21/91" "Northern Illinois" ""
"1655" "00-0029092" "T.Thomas" "Tramain" "Thomas" "UNK" "UNK" "3/17/90" "Arkansas" ""
"1656" "00-0031709" "C.Roberts" "" "" "UNK" "UNK" "" "" ""
"1657" "00-0029091" "B.Sowell" "Bradley" "Sowell" "SEA" "OT" "6/6/89" "Mississippi" ""
"1658" "00-0031988" "P.Sims" "" "" "UNK" "UNK" "" "" ""
"1659" "00-0031998" "D.Luckett" "" "" "UNK" "UNK" "" "" ""
"1660" "00-0032260" "K.Penny" "" "" "UNK" "UNK" "" "" ""
"1661" "00-0031703" "T.Harman" "" "" "UNK" "UNK" "" "" ""
"1662" "00-0031650" "J.DeWalt-Ondijo" "" "" "UNK" "UNK" "" "" ""
"1663" "00-0032295" "D.Watkins" "" "" "UNK" "UNK" "" "" ""
"1664" "00-0031486" "D.Carter" "" "" "UNK" "UNK" "" "" ""
"1665" "00-0032275" "R.Taylor" "" "" "UNK" "UNK" "" "" ""
"1666" "00-0031513" "B.Bennett" "" "" "UNK" "UNK" "" "" ""
"1667" "00-0031626" "B.Mihalik" "" "" "UNK" "UNK" "" "" ""
"1668" "00-0031520" "E.Ruffin" "" "" "UNK" "UNK" "" "" ""
"1669" "00-0031689" "K.Smith" "" "" "UNK" "UNK" "" "" ""
"1670" "00-0031523" "J.Sinz" "" "" "UNK" "UNK" "" "" ""
"1671" "00-0031527" "B.Vitabile" "" "" "UNK" "UNK" "" "" ""
"1672" "00-0032283" "K.Monangai" "" "" "UNK" "UNK" "" "" ""
"1673" "00-0031965" "A.Toure" "" "" "UNK" "UNK" "" "" ""
"1674" "00-0032306" "A.Hill" "" "" "UNK" "UNK" "" "" ""
"1675" "00-0031658" "V.Johnson" "" "" "UNK" "UNK" "" "" ""
"1676" "00-0031662" "B.Suite" "" "" "UNK" "UNK" "" "" ""
"1677" "00-0030967" "J.Skinner" "" "" "UNK" "UNK" "" "" ""
"1678" "00-0031967" "J.Haggins" "" "" "UNK" "UNK" "" "" ""
"1679" "00-0032311" "R.Seale" "" "" "UNK" "UNK" "" "" ""
"1680" "00-0032224" "B.Anyama" "" "" "UNK" "UNK" "" "" ""
"1681" "00-0032309" "J.Crayton" "" "" "UNK" "UNK" "" "" ""
"1682" "00-0031727" "A.Walker" "" "" "UNK" "UNK" "" "" ""
"1683" "00-0031720" "C.Jones" "" "" "UNK" "UNK" "" "" ""
"1684" "00-0031651" "A.Gleichert" "" "" "UNK" "UNK" "" "" ""
"1685" "00-0031797" "D.Daniels" "" "" "UNK" "UNK" "" "" ""
"1686" "00-0031500" "" "Efe" "Obada" "UNK" "UNK" "4/13/92" "No College" ""
"1687" "00-0032088" "R.Mueller" "" "" "UNK" "UNK" "" "" ""
"1688" "00-0032077" "C.Botticelli" "" "" "UNK" "UNK" "" "" ""
"1689" "00-0031506" "" "DiAndre" "Campbell" "UNK" "UNK" "12/19/91" "Washington" ""
"1690" "00-0032305" "B.Heard" "" "" "UNK" "UNK" "" "" ""
"1691" "00-0031833" "J.Hunt" "" "" "UNK" "UNK" "" "" ""
"1692" "00-0031926" "" "Dan" "Pettinato" "HOU" "DE" "4/24/92" "Arizona" ""
"1693" "00-0031827" "T.Dantzler" "" "" "UNK" "UNK" "" "" ""
"1694" "00-0031508" "P.Miller" "" "" "UNK" "UNK" "" "" ""
"1695" "00-0032253" "C.Acosta" "" "" "UNK" "UNK" "" "" ""
"1696" "00-0032125" "D.Porter" "" "" "UNK" "UNK" "" "" ""
"1697" "00-0032312" "" "Michael" "Bennett" "UNK" "UNK" "12/19/91" "Georgia" ""
"1698" "00-0032254" "M.Hull" "" "" "UNK" "UNK" "" "" ""
"1699" "00-0032003" "C.Taylor" "" "" "UNK" "UNK" "" "" ""
"1700" "00-0031751" "" "Shane" "McDermott" "UNK" "UNK" "2/18/92" "Miami (Fla.)" ""
"1701" "00-0031817" "K.Malone" "" "" "UNK" "UNK" "" "" ""
"1702" "00-0029090" "T.Shoemaker" "Tyler" "Shoemaker" "UNK" "UNK" "9/14/88" "Boise State" ""
"1703" "00-0032035" "D.Long" "" "" "UNK" "UNK" "" "" ""
"1704" "00-0031812" "J.Hughes" "" "" "UNK" "UNK" "" "" ""
"1705" "00-0031851" "J.Young" "" "" "UNK" "UNK" "" "" ""
"1706" "00-0031362" "T.Turner" "Trai" "Turner" "CAR" "G" "6/14/93" "LSU" ""
"1707" "00-0032207" "Z.D'Orazio" "" "" "UNK" "UNK" "" "" ""
"1708" "00-0031987" "M.Thornton" "" "" "UNK" "UNK" "" "" ""
"1709" "00-0032316" "C.Conway" "" "" "UNK" "UNK" "" "" ""
"1710" "00-0032293" "D.Hoskey" "" "" "UNK" "UNK" "" "" ""
"1711" "00-0032093" "S.Harold" "" "" "UNK" "UNK" "" "" ""
"1712" "00-0032230" "I.Umodu" "" "" "UNK" "UNK" "" "" ""
"1713" "00-0031494" "J.Francis" "" "" "UNK" "UNK" "" "" ""
"1714" "00-0032047" "A.Phillips" "" "" "UNK" "UNK" "" "" ""
"1715" "00-0031495" "J.Duncan" "" "" "UNK" "UNK" "" "" ""
"1716" "00-0032302" "J.Rankin" "" "" "UNK" "UNK" "" "" ""
"1717" "00-0002110" "M.Brunell" "Mark" "Brunell" "UNK" "UNK" "9/17/70" "Washington" ""
"1718" "00-0025549" "B.Celek" "Brent" "Celek" "PHI" "TE" "1/25/85" "Cincinnati" ""
"1719" "00-0031086" "" "Tajh" "Boyd" "UNK" "UNK" "9/25/90" "Clemson" ""
"1720" "00-0027268" "S.Williams" "Seth" "Williams" "UNK" "UNK" "10/24/86" "Richmond" ""
"1721" "00-0027269" "G.Brown" "Garrett" "Brown" "UNK" "UNK" "9/20/88" "Minnesota" ""
"1722" "00-0000585" "C.Bailey" "Champ" "Bailey" "UNK" "UNK" "6/22/78" "Georgia" ""
"1723" "00-0027263" "N.Collins" "Nate" "Collins" "UNK" "UNK" "12/14/87" "Virginia" ""
"1724" "00-0027260" "T.Brown" "Tim" "Brown" "UNK" "UNK" "11/9/87" "Rutgers" ""
"1725" "00-0027261" "D.Calhoun" "Duke" "Calhoun" "UNK" "UNK" "9/1/87" "Memphis" ""
"1726" "00-0027266" "M.Greco" "Michael" "Greco" "UNK" "UNK" "2/26/87" "Central Florida" ""
"1727" "00-0027267" "A.Okpokowuruk" "Ayanga" "Okpokowuruk" "UNK" "UNK" "6/19/87" "Duke" ""
"1728" "00-0027264" "J.Cordle" "Jim" "Cordle" "UNK" "UNK" "8/22/87" "Ohio State" ""
"1729" "00-0027265" "V.Cruz" "Victor" "Cruz" "NYG" "WR" "11/11/86" "Massachusetts" ""
"1730" "00-0024408" "B.Gradkowski" "Bruce" "Gradkowski" "PIT" "QB" "1/27/83" "Toledo" ""
"1731" "00-0024406" "M.Hudson" "Marcus" "Hudson" "UNK" "UNK" "11/15/82" "North Carolina State" ""
"1732" "00-0024405" "J.Mincey" "Jeremy" "Mincey" "UNK" "UNK" "12/14/83" "Florida" ""
"1733" "00-0024404" "J.Webb" "Jeff" "Webb" "UNK" "UNK" "1/31/82" "San Diego State" ""
"1734" "00-0024403" "D.Coleman" "Drew" "Coleman" "UNK" "UNK" "4/22/83" "Texas Christian" ""
"1735" "00-0024401" "J.Clary" "Jeromey" "Clary" "UNK" "UNK" "11/5/83" "Kansas State" ""
"1736" "00-0024400" "T.Stallings" "Tre'" "Stallings" "UNK" "UNK" "1/8/83" "Mississippi" ""
"1737" "00-0001980" "K.Brown" "Kris" "Brown" "UNK" "UNK" "12/23/76" "Nebraska" ""
"1738" "00-0030318" "K.Geathers" "Kwame" "Geathers" "UNK" "UNK" "10/4/90" "Georgia" ""
"1739" "00-0030316" "B.Cotton" "Ben" "Cotton" "UNK" "UNK" "6/13/89" "Nebraska" ""
"1740" "00-0025548" "W.Herring" "Will" "Herring" "UNK" "UNK" "8/28/83" "Auburn" ""
"1741" "00-0025544" "D.Clowney" "David" "Clowney" "UNK" "UNK" "7/7/85" "Virginia Tech" ""
"1742" "00-0025547" "J.Medlock" "Justin" "Medlock" "UNK" "UNK" "10/23/83" "UCLA" ""
"1743" "00-0025541" "C.Ryan" "Clifton" "Ryan" "UNK" "UNK" "2/18/84" "Michigan State" ""
"1744" "00-0030313" "" "Nick" "Becton" "CHI" "OT" "2/11/90" "Virginia Tech" ""
"1745" "00-0030311" "J.Mertile" "Junior" "Mertile" "UNK" "UNK" "10/26/89" "Florida International" ""
"1746" "00-0022724" "S.McHugh" "Sean" "McHugh" "UNK" "UNK" "5/27/82" "Penn State" ""
"1747" "00-0022725" "M.Clayton" "Michael" "Clayton" "UNK" "UNK" "10/13/82" "LSU" ""
"1748" "00-0022726" "K.Colbert" "Keary" "Colbert" "UNK" "UNK" "5/21/82" "USC" ""
"1749" "00-0022722" "J.Siavii" "Junior" "Siavii" "UNK" "UNK" "11/14/78" "Oregon" ""
"1750" "00-0022723" "S.Phillips" "Shaun" "Phillips" "UNK" "UNK" "5/13/81" "Purdue" ""
"1751" "00-0022728" "K.Chambers" "Kirk" "Chambers" "UNK" "UNK" "3/19/79" "Stanford" ""
"1752" "00-0023288" "E.Oglesby" "Evan" "Oglesby" "UNK" "UNK" "12/18/81" "North Alabama" ""
"1753" "00-0020278" "M.Stewart" "Matt" "Stewart" "UNK" "UNK" "8/31/79" "Vanderbilt" ""
"1754" "00-0020712" "J.Harrison" "James" "Harrison" "PIT" "OLB" "5/4/78" "Kent State" ""
"1755" "00-0025543" "C.Stephenson" "Cameron" "Stephenson" "UNK" "UNK" "6/18/83" "Rutgers" ""
"1756" "00-0025542" "D.Rosario" "Dante" "Rosario" "UNK" "UNK" "10/25/84" "Oregon" ""
"1757" "00-0029761" "C.Vernon" "Conner" "Vernon" "UNK" "UNK" "8/18/90" "Duke" ""
"1758" "00-0029944" "J.Green" "Jeremiah" "Green" "UNK" "UNK" "5/8/90" "Nevada" ""
"1759" "00-0029897" "M.Anthony" "Marc" "Anthony" "UNK" "UNK" "11/14/89" "California" ""
"1760" "00-0029677" "B.Weeden" "Brandon" "Weeden" "HOU" "QB" "10/14/83" "Oklahoma State" ""
"1761" "00-0029676" "M.Claiborne" "Morris" "Claiborne" "DAL" "CB" "2/7/90" "LSU" ""
"1762" "00-0029675" "T.Richardson" "Trent" "Richardson" "UNK" "UNK" "7/10/90" "Alabama" ""
"1763" "00-0032760" "" "Josh" "Doctson" "WAS" "WR" "12/3/92" "Texas Christian" ""
"1764" "00-0032492" "" "Clay" "DeBord" "UNK" "UNK" "5/13/92" "Eastern Washington" ""
"1765" "00-0032491" "" "Bryson" "Albright" "BUF" "LB" "3/15/94" "Miami (Ohio)" ""
"1766" "00-0030899" "" "Garry" "Gilliam" "SEA" "T" "11/26/90" "Penn State" ""
"1767" "00-0032496" "" "Matthias" "Farley" "ARI" "DB" "7/15/92" "Notre Dame" ""
"1768" "00-0023259" "L.Alexander" "Lorenzo" "Alexander" "BUF" "LB" "5/31/83" "California" ""
"1769" "00-0029898" "D.Carr" "Deveron" "Carr" "KC" "DB" "8/10/90" "Arizona State" ""
"1770" "00-0027947" "T.Smith" "Tyron" "Smith" "DAL" "T" "12/12/90" "USC" ""
"1771" "00-0027946" "J.Locker" "Jake" "Locker" "UNK" "UNK" "6/15/88" "Washington" ""
"1772" "00-0032947" "" "Avery" "Young" "UNK" "UNK" "11/12/92" "Auburn" ""
"1773" "00-0032762" "" "Chris" "Jones" "KC" "DT" "7/3/94" "Mississippi State" ""
"1774" "00-0032941" "" "Sebastian" "Tretola" "TEN" "OG" "5/1/92" "Arkansas" ""
"1775" "00-0027942" "A.Green" "A.J." "Green" "CIN" "WR" "7/31/88" "Georgia" ""
"1776" "00-0032943" "" "Riley" "Dixon" "DEN" "P" "8/24/93" "Syracuse" ""
"1777" "00-0032942" "" "Kevon" "Seymour" "BUF" "CB" "11/30/93" "USC" ""
"1778" "00-0026610" "P.Ittersagen" "Pete" "Ittersagen" "UNK" "UNK" "9/28/85" "Wheaton" ""
"1779" "00-0028898" "N.Sukay" "Nick" "Sukay" "UNK" "UNK" "3/9/89" "Penn State" ""
"1780" "00-0028899" "R.McLeod" "Rodney" "McLeod" "PHI" "DB" "6/23/90" "Virginia" ""
"1781" "00-0028891" "J.Blatnick" "Jamie" "Blatnick" "UNK" "UNK" "6/24/89" "Oklahoma State" ""
"1782" "00-0031894" "" "Keenan" "Lambert" "SEA" "SAF" "2/28/92" "Norfolk State" ""
"1783" "00-0028893" "A.Corp" "Aaron" "Corp" "UNK" "UNK" "3/6/89" "Richmond" ""
"1784" "00-0028895" "D.Howell" "Delano" "Howell" "UNK" "UNK" "11/17/89" "Stanford" ""
"1785" "00-0031890" "" "Josh" "Shirley" "SEA" "LB" "1/4/92" "Nevada-Las Vegas" ""
"1786" "00-0028897" "S.Powell" "Shawn" "Powell" "UNK" "UNK" "11/29/88" "Florida State" ""
"1787" "00-0024188" "R.Niswanger" "Rudy" "Niswanger" "UNK" "UNK" "11/9/82" "LSU" ""
"1788" "00-0032949" "" "Greg" "Townsend" "OAK" "DE" "12/11/92" "USC" ""
"1789" "00-0032948" "" "Aaron" "Epps" "CIN" "OT" "11/16/92" "Louisville" ""
"1790" "00-0027948" "B.Gabbert" "Blaine" "Gabbert" "SF" "QB" "10/15/89" "Missouri" ""
"1791" "00-0031941" "" "Jamison" "Crowder" "WAS" "WR" "6/17/93" "Duke" ""
"1792" "00-0031942" "" "Arie" "Kouandjio" "WAS" "OG" "4/23/92" "Alabama" ""
"1793" "00-0031943" "" "Ramik" "Wilson" "KC" "ILB" "8/19/92" "Georgia" ""
"1794" "00-0031944" "" "Doran" "Grant" "PIT" "CB" "11/30/92" "Ohio State" ""
"1795" "00-0031945" "" "Martrell" "Spaight" "WAS" "OLB" "8/5/93" "Arkansas" ""
"1796" "00-0031946" "" "Davis" "Tull" "NO" "OLB" "11/12/91" "Tennessee-Chattanooga" ""
"1797" "00-0031947" "" "Tyeler" "Davison" "NO" "DT" "9/23/92" "Fresno State" ""
"1798" "00-0007611" "V.Holliday" "Vonnie" "Holliday" "UNK" "UNK" "12/11/75" "North Carolina" ""
"1799" "00-0026759" "P.Hunt" "Phillip" "Hunt" "UNK" "UNK" "1/10/86" "Houston" ""
"1800" "00-0022250" "W.Parker" "Willie" "Parker" "UNK" "UNK" "11/11/80" "North Carolina" ""
"1801" "00-0026012" "J.Caulcrick" "Jehuu" "Caulcrick" "UNK" "UNK" "8/6/83" "Michigan State" ""
"1802" "00-0026013" "K.Cummings" "Kenwin" "Cummings" "UNK" "UNK" "7/23/86" "Wingate" ""
"1803" "00-0026016" "R.Pitoitua" "Ropati" "Pitoitua" "UNK" "UNK" "4/6/85" "Washington State" ""
"1804" "00-0026017" "P.Raymond" "Paul" "Raymond" "UNK" "UNK" "5/5/86" "Brown" ""
"1805" "00-0026015" "B.Mattison" "Bryan" "Mattison" "UNK" "UNK" "5/15/84" "Iowa" ""
"1806" "00-0026019" "D.Woodhead" "Danny" "Woodhead" "SD" "RB" "1/25/85" "Chadron State" ""
"1807" "00-0024706" "T.Shelton" "Trent" "Shelton" "UNK" "UNK" "9/21/84" "Baylor" ""
"1808" "00-0024707" "A.Smith" "Antonio" "Smith" "UNK" "UNK" "6/12/84" "Ohio State" ""
"1809" "00-0030818" "" "Damian" "Copeland" "UNK" "UNK" "10/17/90" "Louisville" ""
"1810" "00-0027055" "R.Miller" "Roy" "Miller" "UNK" "UNK" "7/9/87" "Texas" ""
"1811" "00-0027054" "K.Barnes" "Kevin" "Barnes" "UNK" "UNK" "9/15/86" "Maryland" ""
"1812" "00-0029272" "N.Bradham" "Nigel" "Bradham" "PHI" "LB" "9/4/89" "Florida State" ""
"1813" "00-0029271" "J.Adams" "Joe" "Adams" "UNK" "UNK" "11/22/89" "Arkansas" ""
"1814" "00-0029270" "F.Alexander" "Frank" "Alexander" "UNK" "UNK" "12/17/89" "Oklahoma" ""
"1815" "00-0027370" "Q.Scott" "Quentin" "Scott" "UNK" "UNK" "5/31/88" "Northern Iowa" ""
"1816" "00-0029279" "J.Johnson" "James-Michael" "Johnson" "MIA" "LB" "8/20/89" "Nevada" ""
"1817" "00-0029278" "J.Looney" "Joe" "Looney" "DAL" "C" "8/31/90" "Wake Forest" ""
"1818" "00-0025633" "K.Darby" "Kenneth" "Darby" "UNK" "UNK" "12/26/82" "Alabama" ""
"1819" "00-0025632" "M.Hamilton" "Marcus" "Hamilton" "UNK" "UNK" "2/17/84" "Virginia" ""
"1820" "00-0025631" "J.Snelling" "Jason" "Snelling" "UNK" "UNK" "12/29/83" "Virginia" ""
"1821" "00-0027057" "B.Tate" "Brandon" "Tate" "UNK" "UNK" "10/5/87" "North Carolina" ""
"1822" "00-0027056" "D.Williams" "Derrick" "Williams" "UNK" "UNK" "7/6/86" "Penn State" ""
"1823" "00-0027051" "A.Caldwell" "Antoine" "Caldwell" "UNK" "UNK" "4/19/86" "Alabama" ""
"1824" "00-0027050" "D.Levy" "DeAndre" "Levy" "DET" "OLB" "3/26/87" "Wisconsin" ""
"1825" "00-0027053" "K.Urbik" "Kraig" "Urbik" "MIA" "T" "9/23/85" "Wisconsin" ""
"1826" "00-0027052" "L.Vasquez" "Louis" "Vasquez" "UNK" "UNK" "4/11/87" "Texas Tech" ""
"1827" "00-0027059" "P.Turner" "Patrick" "Turner" "UNK" "UNK" "5/19/87" "USC" ""
"1828" "00-0027058" "A.Allen" "Asher" "Allen" "UNK" "UNK" "1/22/88" "Georgia" ""
"1829" "00-0030766" "" "Fou" "Fonoti" "UNK" "UNK" "11/15/91" "Michigan State" ""
"1830" "00-0030760" "C.Rettig" "Chase" "Rettig" "UNK" "UNK" "9/26/91" "Boston College" ""
"1831" "00-0031306" "" "Russell" "Bodine" "CIN" "C" "6/30/92" "North Carolina" ""
"1832" "00-0031307" "W.Aikens" "Walt" "Aikens" "MIA" "FS" "6/19/91" "Liberty" ""
"1833" "00-0023530" "D.Blackstock" "Darryl" "Blackstock" "UNK" "UNK" "5/30/83" "Virginia" ""
"1834" "00-0023823" "L.Hicks" "Lamarcus" "Hicks" "UNK" "UNK" "4/15/83" "Iowa State" ""
"1835" "00-0031302" "C.Fiedorowicz" "C.J." "Fiedorowicz" "HOU" "TE" "10/22/91" "Iowa" ""
"1836" "00-0031303" "C.Borland" "Chris" "Borland" "UNK" "UNK" "12/26/90" "Wisconsin" ""
"1837" "00-0031300" "T.Murphy" "Trent" "Murphy" "WAS" "DE" "12/22/90" "Stanford" ""
"1838" "00-0031301" "J.Hill" "Jeremy" "Hill" "CIN" "RB" "10/20/92" "LSU" ""
"1839" "00-0032377" "" "Josh" "Ferguson" "IND" "RB" "5/23/93" "Illinois" ""
"1840" "00-0032375" "" "Joe" "Kerridge" "WAS" "FB" "9/17/92" "Michigan" ""
"1841" "00-0032372" "" "Valdez" "Showers" "UNK" "UNK" "6/28/93" "Florida" ""
"1842" "00-0032373" "" "Kevin" "Bowen" "WAS" "OT" "7/3/93" "East Central (OK)" ""
"1843" "00-0032370" "" "Reggie" "Diggs" "WAS" "WR" "5/8/93" "Richmond" ""
"1844" "00-0032371" "" "Rob" "Kelley" "WAS" "RB" "10/3/92" "Tulane" ""
"1845" "00-0032378" "" "DeForest" "Buckner" "SF" "DE" "3/17/94" "Oregon" ""
"1846" "00-0032379" "" "Eli" "Apple" "NYG" "CB" "8/9/95" "Ohio State" ""
"1847" "00-0031776" "" "Dominique" "Davis" "UNK" "UNK" "6/18/90" "Liberty" ""
"1848" "00-0027988" "M.Gilchrist" "Marcus" "Gilchrist" "NYJ" "FS" "12/8/88" "Clemson" ""
"1849" "00-0028771" "D.Shannon" "Davonte" "Shannon" "UNK" "UNK" "1/15/89" "Buffalo" ""
"1850" "00-0025968" "J.Clermond" "Joe" "Clermond" "UNK" "UNK" "11/13/84" "Pittsburgh" ""
"1851" "00-0004073" "B.Dawkins" "Brian" "Dawkins" "UNK" "UNK" "10/13/73" "Clemson" ""
"1852" "00-0031770" "" "Nick" "Perry" "UNK" "UNK" "12/7/91" "Alabama" ""
"1853" "00-0031779" "" "B.J." "Finney" "PIT" "C" "10/26/91" "Kansas State" ""
"1854" "00-0031778" "" "Reese" "Dismukes" "UNK" "UNK" "10/20/92" "Auburn" ""
"1855" "00-0026831" "B.Lockett" "Bret" "Lockett" "UNK" "UNK" "10/7/86" "UCLA" ""
"1856" "00-0026832" "J.Casillas" "Jonathan" "Casillas" "NYG" "OLB" "6/3/87" "Wisconsin" ""
"1857" "00-0024081" "S.Paxson" "Scott" "Paxson" "UNK" "UNK" "2/3/83" "Penn State" ""
"1858" "00-0016689" "M.Turk" "Matt" "Turk" "UNK" "UNK" "6/16/68" "Wis.-Whitewater" ""
"1859" "00-0022060" "A.Walker" "Aaron" "Walker" "UNK" "UNK" "3/14/80" "Florida" ""
"1860" "00-0022067" "Y.Bell" "Yeremiah" "Bell" "UNK" "UNK" "3/3/78" "Eastern Kentucky" ""
"1861" "00-0022065" "C.June" "Cato" "June" "UNK" "UNK" "11/18/79" "Michigan" ""
"1862" "00-0022064" "A.Battle" "Arnaz" "Battle" "UNK" "UNK" "2/22/80" "Notre Dame" ""
"1863" "00-0021679" "S.Smith" "Shaun" "Smith" "UNK" "UNK" "8/19/81" "South Carolina" ""
"1864" "00-0021678" "T.Romo" "Tony" "Romo" "DAL" "QB" "4/21/80" "Eastern Illinois" ""
"1865" "00-0026953" "S.Stroughter" "Sammie" "Stroughter" "UNK" "UNK" "1/3/86" "Oregon State" ""
"1866" "00-0026952" "J.Sanford" "Jamarca" "Sanford" "NO" "SS" "8/27/85" "Mississippi" ""
"1867" "00-0026951" "M.Fokou" "Moise" "Fokou" "UNK" "UNK" "8/28/85" "Maryland" ""
"1868" "00-0026950" "A.Shipley" "A.Q." "Shipley" "ARI" "C" "5/22/86" "Penn State" ""
"1869" "00-0026957" "D.Johnson" "David" "Johnson" "PIT" "TE" "8/26/87" "Arkansas State" ""
"1870" "00-0026956" "L.Stephens-Howling" "LaRod" "Stephens-Howling" "UNK" "UNK" "4/26/87" "Pittsburgh" ""
"1871" "00-0026954" "S.Woodson" "Stoney" "Woodson" "UNK" "UNK" "10/11/85" "South Carolina" ""
"1872" "00-0029468" "J.Muasau" "Jake" "Muasau" "UNK" "UNK" "4/15/90" "Georgia State" ""
"1873" "00-0029469" "K.Stafford" "Kenny" "Stafford" "UNK" "UNK" "6/20/90" "Toledo" ""
"1874" "00-0029466" "L.Meisner" "Lee" "Meisner" "UNK" "UNK" "3/16/90" "Southern Colorado" ""
"1875" "00-0029467" "A.White" "Aron" "White" "UNK" "UNK" "10/8/88" "Georgia" ""
"1876" "00-0029464" "M.Willie" "Mike" "Willie" "UNK" "UNK" "6/17/90" "Arizona State" ""
"1877" "00-0029465" "B.Collins" "Brandon" "Collins" "UNK" "UNK" "4/21/89" "Southeastern Louisiana" ""
"1878" "00-0029462" "P.Payne" "Phillip" "Payne" "UNK" "UNK" "2/6/90" "Nevada-Las Vegas" ""
"1879" "00-0029463" "D.Presley" "De'Andre" "Presley" "UNK" "UNK" "1/10/90" "Appalachian State" ""
"1880" "00-0029460" "J.Linam" "Josh" "Linam" "UNK" "UNK" "10/21/88" "Central Florida" ""
"1881" "00-0022397" "V.Leach" "Vonta" "Leach" "UNK" "UNK" "11/6/81" "East Carolina" ""
"1882" "00-0026484" "A.Tiller" "Tony" "Tiller" "UNK" "UNK" "12/20/81" "East Tennessee State" ""
"1883" "00-0026487" "C.Hughes" "Charleston" "Hughes" "UNK" "UNK" "12/14/83" "Northwood FL" ""
"1884" "00-0026486" "K.Onatolu" "Kenny" "Onatolu" "UNK" "UNK" "10/8/82" "Nebraska-Omaha" ""
"1885" "00-0026483" "D.Dorsey" "Dominique" "Dorsey" "UNK" "UNK" "5/7/83" "Nevada-Las Vegas" ""
"1886" "00-0030426" "S.Beauharnais" "Steve" "Beauharnais" "UNK" "UNK" "5/2/90" "Rutgers" ""
"1887" "00-0030123" "" "Jared" "Smith" "DAL" "OG" "3/20/90" "New Hampshire" ""
"1888" "00-0030122" "" "Reid" "Fragel" "KC" "OT" "2/22/91" "Ohio State" ""
"1889" "00-0024379" "T.Moll" "Tony" "Moll" "UNK" "UNK" "8/23/83" "Nevada" ""
"1890" "00-0022913" "A.Carroll" "Ahmad" "Carroll" "UNK" "UNK" "8/4/83" "Arkansas" ""
"1891" "00-0022912" "J.Losman" "J.P." "Losman" "UNK" "UNK" "3/12/81" "Tulane" ""
"1892" "00-0022911" "W.Smith" "Will" "Smith" "UNK" "UNK" "7/4/81" "Ohio State" ""
"1893" "00-0022910" "L.Evans" "Lee" "Evans" "UNK" "UNK" "3/11/81" "Wisconsin" ""
"1894" "00-0030427" "K.Ishmael" "Kemal" "Ishmael" "ATL" "SS" "5/6/91" "Central Florida" ""
"1895" "00-0030420" "D.Amerson" "David" "Amerson" "OAK" "CB" "12/8/91" "North Carolina State" ""
"1896" "00-0030421" "J.Collins" "Jamie" "Collins" "NE" "OLB" "10/20/89" "Southern Mississippi" ""
"1897" "00-0030422" "D.Sims" "Dion" "Sims" "MIA" "TE" "2/18/91" "Michigan State" ""
"1898" "00-0030423" "P.Thomas" "Phillip" "Thomas" "BUF" "DB" "3/1/89" "Fresno State" ""
"1899" "00-0030429" "T.Opurum" "Toben" "Opurum" "UNK" "UNK" "11/18/90" "Kansas" ""
"1900" "00-0019467" "N.Diggs" "Na'il" "Diggs" "UNK" "UNK" "7/8/78" "Ohio State" ""
"1901" "00-0029288" "J.Troutman" "Johnnie" "Troutman" "UNK" "UNK" "11/11/87" "Penn State" ""
"1902" "00-0029289" "K.Toomer" "Korey" "Toomer" "OAK" "LB" "12/9/88" "Idaho" ""
"1903" "00-0029282" "C.Thompson" "Christian" "Thompson" "UNK" "UNK" "6/14/90" "South Carolina State" ""
"1904" "00-0029283" "B.Mosley" "Brandon" "Mosley" "UNK" "UNK" "12/21/88" "Auburn" ""
"1905" "00-0029280" "R.Brooks" "Ron" "Brooks" "PHI" "DB" "10/16/88" "LSU" ""
"1906" "00-0029281" "A.Robinson" "Adrien" "Robinson" "UNK" "UNK" "9/23/88" "Cincinnati" ""
"1907" "00-0029286" "Z.Sanders" "Zebrie" "Sanders" "UNK" "UNK" "12/4/89" "Florida State" ""
"1908" "00-0029287" "T.Carder" "Tank" "Carder" "CLE" "ILB" "1/18/89" "Texas Christian" ""
"1909" "00-0029284" "M.Daniels" "Mike" "Daniels" "GB" "DE" "5/5/89" "Iowa" ""
"1910" "00-0029285" "J.Norman" "Josh" "Norman" "WAS" "DB" "12/15/87" "Coastal Carolina" ""
"1911" "00-0032578" "" "Woodrow" "Hamilton" "NE" "DT" "12/20/92" "Mississippi" ""
"1912" "00-0027538" "S.Gore" "Shawn" "Gore" "UNK" "UNK" "4/12/87" "Bishop's University" ""
"1913" "00-0027539" "A.Levine" "Anthony" "Levine" "BAL" "CB" "3/27/87" "Tennessee State" ""
"1914" "00-0032574" "" "Michael" "Pierce" "BAL" "DT" "11/6/92" "Samford" ""
"1915" "00-0032575" "" "Matt" "Skura" "BAL" "C" "2/17/93" "Duke" ""
"1916" "00-0032577" "" "D.J." "Foster" "NE" "RB" "11/22/93" "Arizona State" ""
"1917" "00-0032570" "" "Stephane" "Nembot" "BAL" "OT" "12/7/91" "Colorado" ""
"1918" "00-0032571" "" "Victor" "Ochi" "BAL" "LB" "10/2/93" "Stony Brook" ""
"1919" "00-0032572" "" "Mario" "Ojemudia" "UNK" "UNK" "5/30/94" "Michigan" ""
"1920" "00-0032573" "" "Patrick" "Onwuasor" "BAL" "LB" "8/22/92" "Portland State" ""
"1921" "00-0020508" "M.Norris" "Moran" "Norris" "UNK" "UNK" "6/16/78" "Kansas" ""
"1922" "00-0025753" "J.Ihedigbo" "James" "Ihedigbo" "UNK" "UNK" "12/3/83" "Massachusetts" ""
"1923" "00-0020506" "Ke.Smith" "Kenny" "Smith" "UNK" "UNK" "9/8/77" "Alabama" ""
"1924" "00-0020507" "H.Evans" "Heath" "Evans" "UNK" "UNK" "12/30/78" "Auburn" ""
"1925" "00-0027865" "B.Graham" "Brandon" "Graham" "PHI" "OLB" "4/3/88" "Michigan" ""
"1926" "00-0027866" "E.Thomas" "Earl" "Thomas" "SEA" "FS" "5/7/89" "Texas" ""
"1927" "00-0027867" "J.Pierre-Paul" "Jason" "Pierre-Paul" "NYG" "DE" "1/1/89" "South Florida" ""
"1928" "00-0027868" "D.Morgan" "Derrick" "Morgan" "TEN" "OLB" "1/6/89" "Georgia Tech" ""
"1929" "00-0027869" "M.Iupati" "Mike" "Iupati" "ARI" "G" "5/12/87" "Idaho" ""
"1930" "00-0003035" "D.Clark" "Desmond" "Clark" "UNK" "UNK" "4/20/77" "Wake Forest" ""
"1931" "00-0020504" "D.Burgess" "Derrick" "Burgess" "UNK" "UNK" "8/12/78" "Mississippi" ""
"1932" "00-0020505" "A.Wilson" "Adrian" "Wilson" "UNK" "UNK" "10/12/79" "North Carolina State" ""
"1933" "00-0026229" "S.Slaton" "Steve" "Slaton" "UNK" "UNK" "1/4/86" "West Virginia" ""
"1934" "00-0026228" "B.Davis" "Bruce" "Davis" "UNK" "UNK" "9/2/85" "UCLA" ""
"1935" "00-0026221" "E.Doucet" "Early" "Doucet" "UNK" "UNK" "10/28/85" "LSU" ""
"1936" "00-0026220" "B.Smith" "Bryan" "Smith" "UNK" "UNK" "11/29/83" "McNeese State" ""
"1937" "00-0026223" "J.Zuttah" "Jeremy" "Zuttah" "BAL" "C" "6/1/86" "Rutgers" ""
"1938" "00-0026222" "D.Morgan" "DaJuan" "Morgan" "UNK" "UNK" "10/21/85" "North Carolina State" ""
"1939" "00-0026225" "C.Stevens" "Craig" "Stevens" "UNK" "UNK" "9/1/84" "California" ""
"1940" "00-0026224" "H.Douglas" "Harry" "Douglas" "TEN" "WR" "9/16/84" "Louisville" ""
"1941" "00-0027281" "P.Duncan" "Paul" "Duncan" "UNK" "UNK" "6/18/87" "Notre Dame" ""
"1942" "00-0031031" "" "Brent" "Qvale" "NYJ" "T" "3/11/91" "Nebraska" ""
"1943" "00-0027282" "B.Garland" "Ben" "Garland" "ATL" "C" "4/6/88" "Air Force" ""
"1944" "00-0027283" "R.Geer" "Riar" "Geer" "UNK" "UNK" "12/19/86" "Colorado" ""
"1945" "00-0027286" "K.McCarthy" "Kyle" "McCarthy" "UNK" "UNK" "9/30/86" "Notre Dame" ""
"1946" "00-0027287" "N.Overbay" "Nathan" "Overbay" "UNK" "UNK" "1/4/87" "Eastern Washington" ""
"1947" "00-0027289" "J.Stehle" "Jeff" "Stehle" "UNK" "UNK" "4/4/87" "Wisconsin" ""
"1948" "00-0031179" "T.Hart" "Taylor" "Hart" "PHI" "DE" "2/22/91" "Oregon" ""
"1949" "00-0031178" "P.Shembo" "Prince" "Shembo" "UNK" "UNK" "12/24/91" "Notre Dame" ""
"1950" "00-0031175" "C.Marsh" "Cassius" "Marsh" "SEA" "DE" "7/7/92" "UCLA" ""
"1951" "00-0031174" "" "Bryan" "Stork" "UNK" "UNK" "11/15/90" "Florida State" ""
"1952" "00-0031177" "" "Brent" "Urban" "BAL" "DE" "5/5/91" "Virginia" ""
"1953" "00-0031176" "N.Lawson" "Nevin" "Lawson" "DET" "CB" "4/23/91" "Utah State" ""
"1954" "00-0031171" "P.Brown" "Preston" "Brown" "BUF" "MLB" "10/27/92" "Louisville" ""
"1955" "00-0031170" "" "Timmy" "Jernigan" "BAL" "DE" "9/24/92" "Florida State" ""
"1956" "00-0031173" "J.Watkins" "Jaylen" "Watkins" "PHI" "DB" "11/27/91" "Florida" ""
"1957" "00-0031172" "K.Thornton" "Khyri" "Thornton" "DET" "DT" "11/21/89" "Southern Mississippi" ""
"1958" "00-0032149" "" "John" "Miller" "BUF" "OG" "8/12/93" "Louisville" ""
"1959" "00-0032148" "" "Garrett" "Grayson" "NO" "QB" "5/29/91" "Colorado State" ""
"1960" "00-0032145" "" "Cameron" "Erving" "CLE" "OL" "8/23/92" "Florida State" ""
"1961" "00-0032144" "" "Melvin" "Gordon" "SD" "RB" "4/13/93" "Wisconsin" ""
"1962" "00-0032147" "" "Ty" "Sambrailo" "DEN" "OT" "3/10/92" "Colorado State" ""
"1963" "00-0032146" "" "Bud" "Dupree" "PIT" "OLB" "2/12/93" "Kentucky" ""
"1964" "00-0032141" "" "Geoff" "Swaim" "DAL" "TE" "9/16/93" "Texas" ""
"1965" "00-0031425" "" "Dominique" "Easley" "UNK" "UNK" "2/24/92" "Florida" ""
"1966" "00-0031429" "" "Jerry" "Rice" "UNK" "UNK" "7/27/91" "Nevada-Las Vegas" ""
"1967" "00-0032233" "" "Cedric" "Ogbuehi" "CIN" "OT" "4/25/92" "Texas A&M" ""
"1968" "00-0032234" "" "Laken" "Tomlinson" "DET" "OG" "2/9/92" "Duke" ""
"1969" "00-0032239" "" "Byron" "Jones" "DAL" "FS" "9/26/92" "Connecticut" ""
"1970" "00-0032140" "" "Ifo" "Ekpre-Olomu" "MIA" "CB" "7/10/93" "Oregon" ""
"1971" "00-0032143" "" "Danny" "Shelton" "CLE" "DL" "8/20/93" "Washington" ""
"1972" "00-0024156" "N.Cole" "Nick" "Cole" "UNK" "UNK" "7/28/84" "New Mexico State" ""
"1973" "00-0019921" "J.Baker" "Jason" "Baker" "UNK" "UNK" "5/17/78" "Iowa" ""
"1974" "00-0030222" "K.Reddick" "Kevin" "Reddick" "UNK" "UNK" "12/28/89" "North Carolina" ""
"1975" "00-0030223" "R.Shipman" "Rayford" "Shipman" "UNK" "UNK" "11/19/89" "Central Florida" ""
"1976" "00-0030220" "E.Mealer" "Elliott" "Mealer" "UNK" "UNK" "6/30/89" "Michigan" ""
"1977" "00-0030221" "K.Milton" "Keavon" "Milton" "UNK" "UNK" "6/23/90" "Louisiana-Monroe" ""
"1978" "00-0030226" "" "Johnny" "Adams" "UNK" "UNK" "6/9/89" "Michigan State" ""
"1979" "00-0030227" "Z.Boren" "Zach" "Boren" "UNK" "UNK" "5/13/91" "Ohio State" ""
"1980" "00-0030224" "R.Sweeting" "Rod" "Sweeting" "UNK" "UNK" "9/28/90" "Georgia Tech" ""
"1981" "00-0030225" "C.Thomas" "Chase" "Thomas" "UNK" "UNK" "6/10/89" "Stanford" ""
"1982" "00-0030228" "A.Bouye" "A.J." "Bouye" "HOU" "CB" "8/16/91" "Central Florida" ""
"1983" "00-0022838" "C.Snee" "Chris" "Snee" "UNK" "UNK" "1/18/82" "Boston College" ""
"1984" "00-0022839" "D.Smith" "Daryl" "Smith" "TB" "LB" "3/14/82" "Georgia Tech" ""
"1985" "00-0022832" "S.Wells" "Scott" "Wells" "UNK" "UNK" "1/7/81" "Tennessee" ""
"1986" "00-0022836" "R.Gallery" "Robert" "Gallery" "UNK" "UNK" "7/26/80" "Iowa" ""
"1987" "00-0022837" "T.Harris" "Tommie" "Harris" "UNK" "UNK" "4/29/83" "Oklahoma" ""
"1988" "00-0024169" "T.George" "Tearrius" "George" "UNK" "UNK" "12/3/82" "Kansas State" ""
"1989" "00-0021214" "A.Ayodele" "Akin" "Ayodele" "UNK" "UNK" "9/17/79" "Purdue" ""
"1990" "00-0026505" "J.Wilson" "John Parker" "Wilson" "UNK" "UNK" "10/17/85" "Alabama" ""
"1991" "00-0026974" "B.Williams" "Bobby" "Williams" "UNK" "UNK" "11/26/85" "North Alabama" ""
"1992" "00-0028253" "W.Yeatman" "Will" "Yeatman" "UNK" "UNK" "4/10/88" "Maryland" ""
"1993" "00-0028250" "A.Silvestro" "Alex" "Silvestro" "UNK" "UNK" "11/15/88" "Rutgers" ""
"1994" "00-0028251" "J.Tarpinian" "Jeff" "Tarpinian" "UNK" "UNK" "10/16/87" "Iowa" ""
"1995" "00-0028256" "S.Siliga" "Sealver" "Siliga" "SEA" "DT" "4/26/90" "Utah" ""
"1996" "00-0028705" "D.Alford" "Dominic" "Alford" "UNK" "UNK" "2/22/88" "Minnesota" ""
"1997" "00-0028254" "C.Koepplin" "Chris" "Koepplin" "UNK" "UNK" "10/11/85" "Massachusetts" ""
"1998" "00-0028707" "C.Bryant" "Corbin" "Bryant" "BUF" "DT" "1/4/88" "Northwestern" ""
"1999" "00-0028709" "C.Bryant" "Charlie" "Bryant" "UNK" "UNK" "9/11/87" "Memphis" ""
"2000" "00-0028258" "D.Akinniyi" "David" "Akinniyi" "UNK" "UNK" "6/23/88" "North Carolina State" ""
"2001" "00-0029071" "" "Kamar" "Jorden" "UNK" "UNK" "5/17/89" "Bowling Green State" ""
"2002" "00-0029070" "B.Felder" "Bobby" "Felder" "UNK" "UNK" "9/23/90" "Nicholls State" ""
"2003" "00-0029073" "T.Nielsen" "Tyler" "Nielsen" "UNK" "UNK" "6/1/88" "Iowa" ""
"2004" "00-0019546" "J.Abraham" "John" "Abraham" "UNK" "UNK" "5/6/78" "South Carolina" ""
"2005" "00-0029420" "B.Ewing" "Bradie" "Ewing" "UNK" "UNK" "12/26/89" "Wisconsin" ""
"2006" "00-0019545" "S.Ellis" "Shaun" "Ellis" "UNK" "UNK" "6/24/77" "Tennessee" ""
"2007" "00-0021451" "J.Dorenbos" "Jon" "Dorenbos" "PHI" "LS" "7/21/80" "Texas-El Paso" ""
"2008" "00-0029427" "T.Ganaway" "Terrance" "Ganaway" "UNK" "UNK" "10/7/88" "Baylor" ""
"2009" "00-0029357" "C.Fenner" "Chandler" "Fenner" "UNK" "UNK" "7/6/90" "Holy Cross" ""
"2010" "00-0024360" "D.Landry" "Dawan" "Landry" "UNK" "UNK" "12/30/82" "Georgia Tech" ""
"2011" "00-0024846" "G.Russell" "Gary" "Russell" "UNK" "UNK" "9/6/86" "Minnesota" ""
"2012" "00-0029835" "D.Croom" "Dominique" "Croom" "UNK" "UNK" "4/26/91" "Central Arkansas" ""
"2013" "00-0029075" "C.Paredes" "Corey" "Paredes" "UNK" "UNK" "8/23/89" "Hawaii" ""
"2014" "00-0029074" "E.Owusu" "Ernest" "Owusu" "UNK" "UNK" "5/26/88" "California" ""
"2015" "00-0029076" "A.Pasztor" "Austin" "Pasztor" "CLE" "OG" "11/26/90" "Virginia" ""
"2016" "00-0029079" "Q.Saulsberry" "Quentin" "Saulsberry" "UNK" "UNK" "10/14/88" "Mississippi State" ""
"2017" "00-0019587" "T.Smith" "Terrelle" "Smith" "UNK" "UNK" "3/12/78" "Arizona State" ""
"2018" "00-0021929" "D.Lee" "Donald" "Lee" "UNK" "UNK" "8/31/80" "Mississippi State" ""
"2019" "00-0025567" "J.Rogers" "Justin" "Rogers" "UNK" "UNK" "8/31/83" "Southern Methodist" ""
"2020" "00-0025566" "H.Blades" "H.B." "Blades" "UNK" "UNK" "9/30/84" "Pittsburgh" ""
"2021" "00-0025565" "N.Folk" "Nick" "Folk" "NYJ" "K" "11/5/84" "Arizona" ""
"2022" "00-0025564" "J.Bender" "Jacob" "Bender" "UNK" "UNK" "4/25/85" "Nicholls State" ""
"2023" "00-0025562" "O.O'Neal" "Oren" "O'Neal" "UNK" "UNK" "9/8/83" "Arkansas State" ""
"2024" "00-0025561" "T.Smith" "Troy" "Smith" "UNK" "UNK" "7/20/84" "Ohio State" ""
"2025" "00-0025560" "M.Coe" "Michael" "Coe" "UNK" "UNK" "12/17/83" "Alabama State" ""
"2026" "00-0025569" "A.Hayward" "Adam" "Hayward" "UNK" "UNK" "6/23/84" "Portland State" ""
"2027" "00-0025568" "R.Maui'a" "Reagan" "Maui'a" "UNK" "UNK" "7/6/84" "Hawaii" ""
"2028" "00-0025877" "M.Buggs" "Marcus" "Buggs" "UNK" "UNK" "9/21/85" "Vanderbilt" ""
"2029" "00-0029401" "T.Poole" "Tauren" "Poole" "UNK" "UNK" "10/19/89" "Tennessee" ""
"2030" "00-0029615" "L.Miller" "Lamar" "Miller" "HOU" "RB" "4/25/91" "Miami (Fla.)" ""
"2031" "00-0029614" "C.Givens" "Chris" "Givens" "UNK" "UNK" "12/6/89" "Wake Forest" ""
"2032" "00-0029617" "J.Massaquoi" "Jonathan" "Massaquoi" "UNK" "UNK" "5/11/88" "Troy" ""
"2033" "00-0029616" "R.Watkins" "Rokevious" "Watkins" "UNK" "UNK" "2/24/89" "South Carolina" ""
"2034" "00-0029613" "D.Martin" "Doug" "Martin" "TB" "RB" "1/13/89" "Boise State" ""
"2035" "00-0029612" "D.Richardson" "Daryl" "Richardson" "PIT" "RB" "4/12/90" "Abilene Christian" ""
"2036" "00-0032967" "" "Vernon" "Butler" "CAR" "DT" "6/14/94" "Louisiana Tech" ""
"2037" "00-0032966" "" "Corey" "Coleman" "CLE" "WR" "7/6/94" "Baylor" ""
"2038" "00-0032965" "" "Ronnie" "Stanley" "BAL" "OT" "3/18/94" "Notre Dame" ""
"2039" "00-0027652" "N.Allen" "Nate" "Allen" "OAK" "SS" "11/30/87" "South Florida" ""
"2040" "00-0027650" "B.Price" "Brian" "Price" "UNK" "UNK" "4/10/89" "UCLA" ""
"2041" "00-0026521" "E.Pedescleaux" "Everette" "Pedescleaux" "UNK" "UNK" "1/19/85" "Northern Iowa" ""
"2042" "00-0015754" "B.Stokley" "Brandon" "Stokley" "UNK" "UNK" "6/23/76" "Louisiana-Lafayette" ""
"2043" "00-0005322" "L.Fletcher" "London" "Fletcher" "UNK" "UNK" "5/19/75" "John Carroll" ""
"2044" "00-0032964" "" "Byron" "Marshall" "PHI" "WR" "2/13/94" "Oregon" ""
"2045" "00-0032963" "" "Cayleb" "Jones" "PHI" "WR" "3/21/93" "Arizona" ""
"2046" "00-0032962" "" "Darrell" "Greene" "PHI" "OG" "10/29/92" "San Diego State" ""
"2047" "00-0032960" "" "Wynton" "McManis" "UNK" "UNK" "9/20/94" "Memphis" ""
"2048" "00-0029883" "J.Fauria" "Joseph" "Fauria" "UNK" "UNK" "1/16/90" "UCLA" ""
"2049" "00-0029669" "D.Hightower" "Dont'a" "Hightower" "NE" "OLB" "3/12/90" "Alabama" ""
"2050" "00-0026035" "D.Amendola" "Danny" "Amendola" "NE" "WR" "11/2/85" "Texas Tech" ""
"2051" "00-0026032" "T.Smith" "Taj" "Smith" "UNK" "UNK" "9/30/83" "Syracuse" ""
"2052" "00-0026033" "M.Cox" "Mike" "Cox" "UNK" "UNK" "7/11/85" "Georgia Tech" ""
"2053" "00-0026039" "J.Crosslin" "Julius" "Crosslin" "UNK" "UNK" "11/1/83" "Oklahoma State" ""
"2054" "00-0024765" "E.Johnson" "Ed" "Johnson" "UNK" "UNK" "12/18/83" "Penn State" ""
"2055" "00-0024763" "C.Ali" "Charles" "Ali" "UNK" "UNK" "8/23/84" "Arkansas-Pine Bluff" ""
"2056" "00-0030888" "Jon. Brown" "Jonathan" "Brown" "UNK" "UNK" "6/22/92" "Illinois" ""
"2057" "00-0029663" "L.Lumpkin" "Larry" "Lumpkin" "UNK" "UNK" "5/16/91" "Carson-Newman" ""
"2058" "00-0033151" "" "Joshua" "Garnett" "SF" "OG" "2/21/94" "Stanford" ""
"2059" "00-0033150" "" "Montario" "Hunter" "UNK" "UNK" "11/23/91" "Elizabeth City State" ""
"2060" "00-0033153" "" "Clayton" "Echard" "SEA" "TE" "4/29/93" "Missouri" ""
"2061" "00-0033152" "" "Franky" "Okafor" "UNK" "UNK" "7/28/93" "Southeastern Oklahoma State" ""
"2062" "00-0033155" "" "Lee" "Hightower" "IND" "DB" "7/28/93" "Houston" ""
"2063" "00-0033157" "" "Jamal" "Golden" "UNK" "UNK" "3/4/93" "Georgia Tech" ""
"2064" "00-0033156" "" "Joey" "Bosa" "SD" "DE" "7/11/95" "Ohio State" ""
"2065" "00-0033158" "" "Jordan" "Walsh" "UNK" "UNK" "12/11/92" "Iowa" ""
"2066" "00-0032953" "" "Christian" "Hackenberg" "NYJ" "QB" "2/14/95" "Penn State" ""
"2067" "00-0032482" "" "Bralon" "Addison" "UNK" "UNK" "10/12/93" "Oregon" ""
"2068" "00-0032951" "" "Laquon" "Treadwell" "MIN" "WR" "6/14/95" "Mississippi" ""
"2069" "00-0020867" "M.Kemoeatu" "Ma'ake" "Kemoeatu" "UNK" "UNK" "1/10/79" "Utah" ""
"2070" "00-0031096" "A.Dixon" "Ahmad" "Dixon" "UNK" "UNK" "9/5/91" "Baylor" ""
"2071" "00-0031097" "T.Mitchell" "Terrance" "Mitchell" "HOU" "DB" "5/17/92" "Oregon" ""
"2072" "00-0031094" "" "Jeremy" "Gallon" "UNK" "UNK" "2/9/90" "Michigan" ""
"2073" "00-0031095" "" "Charles" "Leno" "CHI" "T" "10/9/91" "Boise State" ""
"2074" "00-0031092" "Z.Hocker" "Zach" "Hocker" "UNK" "UNK" "8/23/91" "Arkansas" ""
"2075" "00-0031093" "N.Freese" "Nate" "Freese" "UNK" "UNK" "8/18/90" "Boston College" ""
"2076" "00-0031090" "J.Price" "Jabari" "Price" "MIN" "CB" "8/31/92" "North Carolina" ""
"2077" "00-0031091" "K.Small" "Kiero" "Small" "UNK" "UNK" "5/1/89" "Arkansas" ""
"2078" "00-0019733" "N.Harper" "Nick" "Harper" "UNK" "UNK" "9/10/74" "Fort Valley State" ""
"2079" "00-0028096" "J.Hines" "Jermale" "Hines" "UNK" "UNK" "11/11/87" "Ohio State" ""
"2080" "00-0028469" "C.Graham" "Cameron" "Graham" "UNK" "UNK" "2/6/89" "Louisville" ""
"2081" "00-0028468" "C.Cunningham" "Chad" "Cunningham" "UNK" "UNK" "1/12/88" "Tennessee" ""
"2082" "00-0028465" "M.Simmons" "Monte" "Simmons" "UNK" "UNK" "1/29/89" "Kent State" ""
"2083" "00-0028464" "V.Stumon" "Van" "Stumon" "UNK" "UNK" "11/15/87" "Arkansas" ""
"2084" "00-0028466" "A.Lewis" "Andrew" "Lewis" "UNK" "UNK" "2/18/87" "Syracuse" ""
"2085" "00-0028460" "P.Fleps" "Pete" "Fleps" "UNK" "UNK" "10/31/86" "Southern Methodist" ""
"2086" "00-0031098" "" "Lonnie" "Ballentine" "HOU" "SAF" "4/23/93" "Memphis" ""
"2087" "00-0031099" "" "Kadeem" "Jones" "UNK" "UNK" "3/25/92" "Western Kentucky" ""
"2088" "00-0032682" "" "Kache" "Palacio" "SEA" "LB" "1/30/94" "Washington State" ""
"2089" "00-0027079" "V.Butler" "Victor" "Butler" "UNK" "UNK" "7/29/87" "Oregon State" ""
"2090" "00-0027078" "T.Lang" "T.J." "Lang" "GB" "G" "9/20/87" "Eastern Michigan" ""
"2091" "00-0027077" "B.Hartline" "Brian" "Hartline" "UNK" "UNK" "11/22/86" "Ohio State" ""
"2092" "00-0027076" "M.Thomas" "Mike" "Thomas" "UNK" "UNK" "6/4/87" "Arizona" ""
"2093" "00-0027075" "J.Luigs" "Jonathan" "Luigs" "UNK" "UNK" "8/11/86" "Arkansas" ""
"2094" "00-0027074" "K.Maiava" "Kaluka" "Maiava" "UNK" "UNK" "12/27/86" "USC" ""
"2095" "00-0027073" "D.Scott" "Darell" "Scott" "UNK" "UNK" "3/15/86" "Clemson" ""
"2096" "00-0027072" "D.Washington" "Donald" "Washington" "PIT" "DB" "7/28/86" "Ohio State" ""
"2097" "00-0027071" "S.McGee" "Stephen" "McGee" "UNK" "UNK" "9/27/85" "Texas A&M" ""
"2098" "00-0027070" "T.Beckum" "Travis" "Beckum" "UNK" "UNK" "1/24/87" "Wisconsin" ""
"2099" "00-0015601" "A.Stecker" "Aaron" "Stecker" "UNK" "UNK" "11/13/75" "Western Illinois" ""
"2100" "00-0031325" "S.Watkins" "Sammy" "Watkins" "BUF" "WR" "6/14/93" "Clemson" ""
"2101" "00-0031326" "B.Ellington" "Bruce" "Ellington" "SF" "WR" "8/22/91" "South Carolina" ""
"2102" "00-0023514" "E.Mathis" "Evan" "Mathis" "ARI" "G" "11/1/81" "Alabama" ""
"2103" "00-0032359" "" "Ron" "Thompson" "IND" "LB" "8/2/93" "Syracuse" ""
"2104" "00-0023516" "R.Incognito" "Richie" "Incognito" "BUF" "OG" "7/5/83" "Nebraska" ""
"2105" "00-0023517" "A.Fincher" "Alfred" "Fincher" "UNK" "UNK" "8/15/83" "Connecticut" ""
"2106" "00-0023510" "E.Green" "Eric" "Green" "UNK" "UNK" "3/16/82" "Virginia Tech" ""
"2107" "00-0023511" "K.Paymah" "Karl" "Paymah" "UNK" "UNK" "11/29/82" "Washington State" ""
"2108" "00-0023512" "R.Moats" "Ryan" "Moats" "UNK" "UNK" "12/17/82" "Louisiana Tech" ""
"2109" "00-0023513" "K.Morrison" "Kirk" "Morrison" "UNK" "UNK" "2/19/82" "San Diego State" ""
"2110" "00-0005091" "K.Faulk" "Kevin" "Faulk" "UNK" "UNK" "6/5/76" "LSU" ""
"2111" "00-0032351" "" "Mekale" "McKay" "IND" "WR" "8/4/93" "Cincinnati" ""
"2112" "00-0032352" "" "Michael" "Miller" "UNK" "UNK" "9/23/91" "Taylor" ""
"2113" "00-0032353" "" "Chris" "Milton" "IND" "DB" "9/15/92" "Georgia Tech" ""
"2114" "00-0026686" "A.Kimble" "Anthony" "Kimble" "UNK" "UNK" "4/9/86" "Stanford" ""
"2115" "00-0026685" "L.Ellis" "Louis" "Ellis" "UNK" "UNK" "10/7/85" "Shaw" ""
"2116" "00-0026683" "R.Baker" "Ryan" "Baker" "UNK" "UNK" "11/25/84" "Purdue" ""
"2117" "00-0026680" "M.Desormeaux" "Michael" "Desormeaux" "UNK" "UNK" "9/29/85" "Louisiana-Lafayette" ""
"2118" "00-0030488" "L.Edwards" "Lavar" "Edwards" "BUF" "DE" "4/29/90" "LSU" ""
"2119" "00-0023518" "C.Henry" "Chris" "Henry" "UNK" "UNK" "5/17/83" "West Virginia" ""
"2120" "00-0032355" "" "Chester" "Rogers" "IND" "WR" "1/12/94" "Grambling State" ""
"2121" "00-0032356" "" "Anthony" "Sarao" "UNK" "UNK" "4/29/93" "USC" ""
"2122" "00-0032357" "" "Delvon" "Simmons" "UNK" "UNK" "11/30/92" "USC" ""
"2123" "00-0016112" "J.Taylor" "Jason" "Taylor" "UNK" "UNK" "9/1/74" "Akron" ""
"2124" "00-0030059" "E.Ansah" "Ezekiel" "Ansah" "DET" "DE" "5/29/89" "Brigham Young" ""
"2125" "00-0026857" "D.Ellerbe" "Dannell" "Ellerbe" "NO" "OLB" "11/29/85" "Georgia" ""
"2126" "00-0026854" "K.Eloi" "Keith" "Eloi" "UNK" "UNK" "11/1/84" "Nebraska-Omaha" ""
"2127" "00-0026855" "A.Smith" "Antone" "Smith" "NYJ" "RB" "9/17/85" "Florida State" ""
"2128" "00-0026852" "D.Young" "Darrel" "Young" "UNK" "UNK" "4/8/87" "Villanova" ""
"2129" "00-0026850" "A.Parrish" "Gus" "Parrish" "UNK" "UNK" "3/19/87" "Kent State" ""
"2130" "00-0026851" "J.Skolnitsky" "J.D." "Skolnitsky" "UNK" "UNK" "11/6/86" "James Madison" ""
"2131" "00-0030050" "R.Armstrong" "Ray-Ray" "Armstrong" "SF" "OLB" "3/5/91" "Miami (Fla.)" ""
"2132" "00-0030052" "G.Rivers" "Gerald" "Rivers" "HOU" "LB" "6/22/90" "Mississippi" ""
"2133" "00-0030055" "D.Thomas" "Drew" "Thomas" "UNK" "UNK" "10/26/89" "Texas-El Paso" ""
"2134" "00-0030054" "" "Phillip" "Steward" "UNK" "UNK" "9/7/90" "Houston" ""
"2135" "00-0026858" "G.Gano" "Graham" "Gano" "CAR" "K" "4/9/87" "Florida State" ""
"2136" "00-0026859" "W.Johnson" "Will" "Johnson" "UNK" "UNK" "11/10/85" "Michigan" ""
"2137" "00-0028069" "D.House" "Davon" "House" "UNK" "UNK" "7/10/89" "New Mexico State" ""
"2138" "00-0028068" "J.Harper" "Jamie" "Harper" "UNK" "UNK" "9/11/89" "Clemson" ""
"2139" "00-0022009" "M.Wilhelm" "Matt" "Wilhelm" "UNK" "UNK" "2/2/81" "Ohio State" ""
"2140" "00-0022008" "T.McGee" "Terrence" "McGee" "UNK" "UNK" "10/14/80" "Northwestern State-Louisiana" ""
"2141" "00-0022005" "C.Simms" "Chris" "Simms" "UNK" "UNK" "8/29/80" "Texas" ""
"2142" "00-0022004" "A.Crowell" "Angelo" "Crowell" "UNK" "UNK" "8/16/81" "Virginia" ""
"2143" "00-0028063" "T.Jones" "Taiwan" "Jones" "OAK" "RB" "7/26/88" "Eastern Washington" ""
"2144" "00-0028062" "O.Marecic" "Owen" "Marecic" "UNK" "UNK" "10/4/88" "Stanford" ""
"2145" "00-0022001" "K.Curtis" "Kevin" "Curtis" "UNK" "UNK" "7/17/78" "Utah State" ""
"2146" "00-0022000" "W.Hunter" "Wayne" "Hunter" "UNK" "UNK" "7/2/81" "Hawaii" ""
"2147" "00-0022003" "B.Askew" "B.J." "Askew" "UNK" "UNK" "8/19/80" "Michigan" ""
"2148" "00-0026931" "B.Pascoe" "Bear" "Pascoe" "UNK" "UNK" "2/23/86" "Fresno State" ""
"2149" "00-0026930" "J.Wynn" "Jarius" "Wynn" "UNK" "UNK" "8/29/86" "Georgia" ""
"2150" "00-0026933" "R.Henson" "Robert" "Henson" "UNK" "UNK" "1/27/86" "Texas Christian" ""
"2151" "00-0021612" "L.Bodden" "Leigh" "Bodden" "UNK" "UNK" "9/24/81" "Duquesne" ""
"2152" "00-0029440" "E.Igwenagu" "Emil" "Igwenagu" "UNK" "UNK" "3/27/89" "Massachusetts" ""
"2153" "00-0032251" "" "Damarious" "Randall" "GB" "CB" "8/29/92" "Arizona State" ""
"2154" "00-0032250" "K.Williams" "Kasen" "Williams" "SEA" "WR" "12/5/92" "Washington" ""
"2155" "00-0032259" "" "Ereck" "Flowers" "NYG" "OT" "4/25/94" "Miami (Fla.)" ""
"2156" "00-0031502" "" "Jordan" "Berry" "PIT" "P" "3/18/91" "Eastern Kentucky" ""
"2157" "00-0031504" "" "Dres" "Anderson" "SF" "WR" "7/20/92" "Utah" ""
"2158" "00-0021542" "J.Cesaire" "Jacques" "Cesaire" "UNK" "UNK" "8/30/80" "Southern Connecticut State" ""
"2159" "00-0021544" "S.Cooper" "Stephen" "Cooper" "UNK" "UNK" "6/19/79" "Maine" ""
"2160" "00-0030718" "Q.Pratt" "Quron" "Pratt" "UNK" "UNK" "4/25/91" "Rutgers" ""
"2161" "00-0029441" "J.Stewart" "Jeremy" "Stewart" "UNK" "UNK" "2/17/89" "Stanford" ""
"2162" "00-0029444" "C.Harris" "Cliff" "Harris" "UNK" "UNK" "12/12/90" "Oregon" ""
"2163" "00-0029445" "P.Thomas" "Phillip" "Thomas" "UNK" "UNK" "11/15/90" "Syracuse" ""
"2164" "00-0030448" "K.Short" "Kawann" "Short" "CAR" "DT" "2/2/89" "Purdue" ""
"2165" "00-0030449" "M.Hunt" "Margus" "Hunt" "CIN" "DE" "7/14/87" "Southern Methodist" ""
"2166" "00-0030447" "C.Hawkins" "Charles" "Hawkins" "UNK" "UNK" "8/30/90" "Southern University" ""
"2167" "00-0030444" "J.Slaughter" "Jamoris" "Slaughter" "UNK" "UNK" "12/22/89" "Notre Dame" ""
"2168" "00-0030445" "K.Walker" "Kenronte" "Walker" "UNK" "UNK" "7/28/90" "Missouri" ""
"2169" "00-0030442" "J.Simon" "John" "Simon" "HOU" "OLB" "10/14/90" "Ohio State" ""
"2170" "00-0030443" "L.Toilolo" "Levine" "Toilolo" "ATL" "TE" "7/30/91" "Stanford" ""
"2171" "00-0030441" "K.Long" "Kyle" "Long" "CHI" "OT" "12/5/88" "Oregon" ""
"2172" "00-0004112" "J.Dearth" "James" "Dearth" "UNK" "UNK" "1/22/76" "Tarleton State" ""
"2173" "00-0029912" "A.Baxter" "Alan" "Baxter" "UNK" "UNK" "3/28/91" "Northern Illinois" ""
"2174" "00-0029913" "R.Dunn" "Reggie" "Dunn" "UNK" "UNK" "1/5/89" "Utah" ""
"2175" "00-0029910" "T.Wright" "Timothy" "Wright" "DET" "TE" "4/7/90" "Rutgers" ""
"2176" "00-0029911" "B.Arnfelt" "Brian" "Arnfelt" "UNK" "UNK" "10/11/89" "Northwestern" ""
"2177" "00-0029916" "" "Mike" "Golic" "UNK" "UNK" "9/28/89" "Notre Dame" ""
"2178" "00-0023354" "B.McGowan" "Brandon" "McGowan" "UNK" "UNK" "9/26/83" "Maine" ""
"2179" "00-0029915" "" "Mike" "Farrell" "UNK" "UNK" "8/23/89" "Penn State" ""
"2180" "00-0029919" "" "Luke" "Ingram" "UNK" "UNK" "7/24/90" "Hawaii" ""
"2181" "00-0032516" "" "Julian" "Whigham" "UNK" "UNK" "8/10/94" "Syracuse" ""
"2182" "00-0027511" "A.Morgan" "Aaron" "Morgan" "UNK" "UNK" "12/30/88" "Louisiana-Monroe" ""
"2183" "00-0027512" "K.Quaye" "Ko" "Quaye" "UNK" "UNK" "5/11/87" "South Dakota" ""
"2184" "00-0027513" "R.Thomas" "Roren" "Thomas" "UNK" "UNK" "9/21/87" "Lindenwood" ""
"2185" "00-0027514" "T.Whitehead" "Terrell" "Whitehead" "UNK" "UNK" "9/18/88" "Norfolk State" ""
"2186" "00-0027515" "S.Pfahler" "Steve" "Pfahler" "UNK" "UNK" "8/21/87" "Montana" ""
"2187" "00-0032510" "" "Calvin" "Heurtelou" "UNK" "UNK" "4/10/93" "Miami (Fla.)" ""
"2188" "00-0032511" "" "Ronald" "Zamort" "ARI" "CB" "11/10/91" "Western Michigan" ""
"2189" "00-0021151" "P.Buchanon" "Phillip" "Buchanon" "UNK" "UNK" "9/19/80" "Miami (Fla.)" ""
"2190" "00-0030671" "I.Burse" "Isaiah" "Burse" "SD" "WR" "12/8/91" "Fresno State" ""
"2191" "00-0030673" "" "Bryn" "Renner" "PIT" "QB" "1/22/90" "North Carolina" ""
"2192" "00-0030904" "J.Gaines" "Jimmy" "Gaines" "UNK" "UNK" "5/11/93" "Miami (Fla.)" ""
"2193" "00-0030903" "" "Deon" "Broomfield" "UNK" "UNK" "8/3/91" "Iowa State" ""
"2194" "00-0030677" "" "Kenny" "Anunike" "UNK" "UNK" "5/22/90" "Duke" ""
"2195" "00-0030900" "" "Bronson" "Irwin" "UNK" "UNK" "2/16/92" "Oklahoma" ""
"2196" "00-0030678" "" "Greg" "Latta" "UNK" "UNK" "12/27/91" "Purdue" ""
"2197" "00-0030908" "K.Ladler" "Kenny" "Ladler" "UNK" "UNK" "6/23/92" "Vanderbilt" ""
"2198" "00-0019560" "D.Grant" "Deon" "Grant" "UNK" "UNK" "3/14/79" "Tennessee" ""
"2199" "00-0027518" "D.Jones" "Donald" "Jones" "UNK" "UNK" "12/17/87" "Youngstown State" ""
"2200" "00-0032518" "" "Justin" "Zimmer" "UNK" "UNK" "10/23/92" "Ferris State" ""
"2201" "00-0032519" "" "Kyle" "Kragen" "DEN" "LB" "2/1/93" "California" ""
"2202" "00-0020528" "S.Rogers" "Shaun" "Rogers" "UNK" "UNK" "3/12/79" "Texas" ""
"2203" "00-0020524" "G.Warren" "Gerard" "Warren" "UNK" "UNK" "7/25/78" "Florida" ""
"2204" "00-0029251" "D.Wilson" "David" "Wilson" "UNK" "UNK" "6/15/91" "Virginia Tech" ""
"2205" "00-0020522" "F.Smoot" "Fred" "Smoot" "UNK" "UNK" "4/17/79" "Mississippi State" ""
"2206" "00-0026203" "T.Thomas" "Terrell" "Thomas" "UNK" "UNK" "1/8/85" "USC" ""
"2207" "00-0026202" "T.Wheatley" "Terrence" "Wheatley" "UNK" "UNK" "5/5/85" "Colorado" ""
"2208" "00-0026201" "M.Bennett" "Martellus" "Bennett" "NE" "TE" "3/10/87" "Texas A&M" ""
"2209" "00-0026209" "J.Hester" "Jacob" "Hester" "UNK" "UNK" "5/8/85" "LSU" ""
"2210" "00-0026208" "C.Jackson" "Chevis" "Jackson" "UNK" "UNK" "12/11/85" "LSU" ""
"2211" "00-0031157" "" "Anthony" "Grady" "UNK" "UNK" "8/6/90" "Missouri State" ""
"2212" "00-0031156" "" "Tyler" "Ott" "UNK" "UNK" "2/28/92" "Harvard" ""
"2213" "00-0031155" "" "James" "Morris" "DAL" "LB" "11/20/91" "Iowa" ""
"2214" "00-0031154" "J.Deering" "Jeremy" "Deering" "UNK" "UNK" "8/12/90" "Rutgers" ""
"2215" "00-0031153" "C.Young" "Chris" "Young" "UNK" "UNK" "1/9/92" "Arizona State" ""
"2216" "00-0031152" "" "Bryan" "Witzmann" "DAL" "OT" "6/16/90" "South Dakota State" ""
"2217" "00-0031151" "M.Williams" "Marcus" "Williams" "NYJ" "CB" "3/24/91" "North Dakota State" ""
"2218" "00-0031150" "" "Nathan" "Slaughter" "UNK" "UNK" "8/21/92" "West Texas A&M" ""
"2219" "00-0031158" "G.Atkinson" "George" "Atkinson" "OAK" "RB" "11/29/92" "Notre Dame" ""
"2220" "00-0032167" "" "P.J." "Dawson" "CIN" "OLB" "1/13/93" "Texas Christian" ""
"2221" "00-0032166" "" "Sammie" "Coates" "PIT" "WR" "3/31/93" "Auburn" ""
"2222" "00-0032165" "" "Marcus" "Peters" "KC" "CB" "1/9/93" "Washington" ""
"2223" "00-0032164" "" "Arik" "Armstead" "SF" "DE" "11/15/94" "Oregon" ""
"2224" "00-0026321" "N.Hayden" "Nick" "Hayden" "UNK" "UNK" "2/4/86" "Wisconsin" ""
"2225" "00-0026323" "S.Larsen" "Spencer" "Larsen" "UNK" "UNK" "3/4/84" "Arizona" ""
"2226" "00-0023781" "A.Burton" "Antwon" "Burton" "UNK" "UNK" "7/11/83" "Temple" ""
"2227" "00-0023782" "J.Carter" "Jason" "Carter" "UNK" "UNK" "9/15/82" "Texas A&M" ""
"2228" "00-0031290" "M.Flowers" "Marquis" "Flowers" "CIN" "OLB" "2/16/92" "Arizona" ""
"2229" "00-0031292" "" "Lavelle" "Westbrooks" "UNK" "UNK" "1/12/92" "Georgia Southern" ""
"2230" "00-0032162" "" "T.Y." "McGill" "IND" "DT" "11/23/92" "North Carolina State" ""
"2231" "00-0032161" "" "Reshod" "Fortenberry" "UNK" "UNK" "12/28/90" "Texas Tech" ""
"2232" "00-0032160" "" "Tyrell" "Williams" "SD" "WR" "2/12/92" "Western Oregon" ""
"2233" "00-0032169" "" "Marcus" "Hardison" "CIN" "DT" "2/14/92" "Arizona State" ""
"2234" "00-0032168" "" "Josh" "Shaw" "CIN" "CB" "3/27/92" "USC" ""
"2235" "00-0032689" "" "Jason" "Vander Laan" "UNK" "UNK" "9/22/92" "Ferris State" ""
"2236" "00-0024515" "S.Rocca" "Sav" "Rocca" "UNK" "UNK" "11/20/73" "No College" ""
"2237" "00-0024517" "C.Wilson" "Chris" "Wilson" "UNK" "UNK" "7/10/82" "Northwood" ""
"2238" "00-0018234" "D.Woody" "Damien" "Woody" "UNK" "UNK" "11/3/77" "Boston College" ""
"2239" "00-0022581" "C.Loeffler" "Cullen" "Loeffler" "UNK" "UNK" "1/27/81" "Texas" ""
"2240" "00-0014724" "D.Sharper" "Darren" "Sharper" "UNK" "UNK" "11/3/75" "William & Mary" ""
"2241" "00-0019940" "C.Hoke" "Chris" "Hoke" "UNK" "UNK" "4/6/76" "Brigham Young" ""
"2242" "00-0030204" "G.Herd" "Greg" "Herd" "UNK" "UNK" "2/15/91" "Eastern Washington" ""
"2243" "00-0030207" "A.Bailey" "Alvin" "Bailey" "CLE" "T" "8/26/91" "Arkansas" ""
"2244" "00-0030200" "B.Magee" "Brandon" "Magee" "UNK" "UNK" "10/22/90" "Arizona State" ""
"2245" "00-0030201" "T.Reed" "Taylor" "Reed" "UNK" "UNK" "8/7/91" "Southern Methodist" ""
"2246" "00-0030202" "E.Rogers" "Eric" "Rogers" "SF" "WR" "2/12/91" "California Lutheran" ""
"2247" "00-0030203" "D.Smith" "Devin" "Smith" "UNK" "UNK" "8/8/90" "Wisconsin" ""
"2248" "00-0018093" "A.Winfield" "Antoine" "Winfield" "UNK" "UNK" "6/24/77" "Ohio State" ""
"2249" "00-0030208" "" "Kenneth" "Boatright" "UNK" "UNK" "3/6/90" "Southern Illinois" ""
"2250" "00-0023682" "R.Fitzpatrick" "Ryan" "Fitzpatrick" "NYJ" "QB" "11/24/82" "Harvard" ""
"2251" "00-0023683" "M.Hedgecock" "Madison" "Hedgecock" "UNK" "UNK" "8/27/81" "North Carolina" ""
"2252" "00-0001231" "J.Bidwell" "Josh" "Bidwell" "UNK" "UNK" "3/13/76" "Oregon" ""
"2253" "00-0028275" "D.Berry" "Damien" "Berry" "UNK" "UNK" "10/21/88" "Miami (Fla.)" ""
"2254" "00-0028270" "W.Saunders" "Weslye" "Saunders" "UNK" "UNK" "1/16/89" "South Carolina" ""
"2255" "00-0028271" "E.Greenwood" "Eric" "Greenwood" "UNK" "UNK" "11/2/88" "Idaho" ""
"2256" "00-0028278" "J.Bynes" "Josh" "Bynes" "DET" "OLB" "8/24/89" "Auburn" ""
"2257" "00-0028279" "B.Hall" "Bryan" "Hall" "UNK" "UNK" "9/12/88" "Arkansas State" ""
"2258" "00-0029585" "Cha.Jones" "Chandler" "Jones" "ARI" "LB" "2/27/90" "Syracuse" ""
"2259" "00-0029584" "J.Brown" "Jerry" "Brown" "UNK" "UNK" "10/20/87" "Illinois" ""
"2260" "00-0029587" "R.Ellison" "Rhett" "Ellison" "MIN" "TE" "10/3/88" "USC" ""
"2261" "00-0029586" "D.Wolfe" "Derek" "Wolfe" "DEN" "DE" "2/24/90" "Cincinnati" ""
"2262" "00-0022954" "B.Graham" "Ben" "Graham" "UNK" "UNK" "11/2/73" "Deakin (Australia)" ""
"2263" "00-0006800" "J.Hanson" "Jason" "Hanson" "UNK" "UNK" "6/17/70" "Washington State" ""
"2264" "00-0019710" "H.Poteat" "Hank" "Poteat" "UNK" "UNK" "8/31/77" "Pittsburgh" ""
"2265" "00-0019714" "S.Lechler" "Shane" "Lechler" "HOU" "P" "8/7/76" "Texas A&M" ""
"2266" "00-0028331" "L.Thompson" "LaMarcus" "Thompson" "UNK" "UNK" "9/8/87" "Tennessee" ""
"2267" "00-0028330" "P.Sylvester" "Philip" "Sylvester" "UNK" "UNK" "11/1/88" "Florida A&M" ""
"2268" "00-0028333" "S.Tuimaunei" "Suaesi" "Tuimaunei" "UNK" "UNK" "2/11/88" "Oregon State" ""
"2269" "00-0028332" "K.Tripp" "Kiante" "Tripp" "UNK" "UNK" "10/7/87" "Georgia" ""
"2270" "00-0029581" "A.Freeman" "Andre" "Freeman" "UNK" "UNK" "5/6/89" "Slippery Rock" ""
"2271" "00-0029580" "R.Matthews" "Rishard" "Matthews" "TEN" "WR" "10/12/89" "Nevada" ""
"2272" "00-0029583" "K.Newhall-Caballero" "Kyle" "Newhall-Caballero" "UNK" "UNK" "2/19/88" "Brown" ""
"2273" "00-0029589" "S.Solomon" "Scott" "Solomon" "UNK" "UNK" "11/5/88" "Rice" ""
"2274" "00-0029588" "D.Herron" "Dan" "Herron" "BUF" "RB" "3/21/89" "Ohio State" ""
"2275" "00-0031632" "" "Denzelle" "Good" "IND" "OT" "3/8/91" "Mars Hill" ""
"2276" "00-0031630" "" "Akeem" "King" "ATL" "DB" "10/29/92" "San Jose State" ""
"2277" "00-0031636" "" "Justin" "Hamilton" "SEA" "DT" "7/27/93" "Louisiana-Lafayette" ""
"2278" "00-0031634" "" "Tyson" "Chandler" "UNK" "UNK" "2/2/91" "North Carolina State" ""
"2279" "00-0028189" "T.Campbell" "Tommie" "Campbell" "UNK" "UNK" "9/19/87" "California (PA)" ""
"2280" "00-0028187" "D.Sampson" "DeMarco" "Sampson" "UNK" "UNK" "12/19/85" "San Diego State" ""
"2281" "00-0028184" "J.Finley" "Jay" "Finley" "UNK" "UNK" "5/15/88" "Baylor" ""
"2282" "00-0028185" "J.Beal" "Jeremy" "Beal" "UNK" "UNK" "12/2/87" "Oklahoma" ""
"2283" "00-0028182" "L.Ziemba" "Lee" "Ziemba" "UNK" "UNK" "3/29/89" "Auburn" ""
"2284" "00-0028183" "M.Jasper" "Michael" "Jasper" "UNK" "UNK" "10/8/86" "Bethel College (Tenn.)" ""
"2285" "00-0028180" "M.Smith" "Malcolm" "Smith" "OAK" "OLB" "7/5/89" "USC" ""
"2286" "00-0028181" "N.Bussey" "Nate" "Bussey" "UNK" "UNK" "2/20/89" "Illinois" ""
"2287" "00-0032981" "" "Aziz" "Shittu" "PHI" "DE" "7/27/94" "Stanford" ""
"2288" "00-0032980" "" "Marcus" "Johnson" "PHI" "WR" "8/5/94" "Texas" ""
"2289" "00-0032983" "" "Dominique" "Alexander" "CLE" "ILB" "4/20/95" "Oklahoma" ""
"2290" "00-0032982" "" "Louis" "Palmer" "UNK" "UNK" "12/8/94" "Central Michigan" ""
"2291" "00-0032985" "" "Mikell" "Everette" "CLE" "CB" "10/22/92" "Sam Houston State" ""
"2292" "00-0032987" "" "Tracy" "Howard" "CLE" "CB" "4/29/94" "Miami (Fla.)" ""
"2293" "00-0032986" "" "J.P." "Holtz" "CLE" "TE" "8/28/93" "Pittsburgh" ""
"2294" "00-0032989" "" "Mike" "Matthews" "CLE" "C" "1/27/94" "Texas A&M" ""
"2295" "00-0032988" "" "Nile" "Lawrence-Stample" "CLE" "DT" "7/14/92" "Florida State" ""
"2296" "00-0026396" "M.Purify" "Maurice" "Purify" "UNK" "UNK" "1/17/86" "Nebraska" ""
"2297" "00-0029172" "A.Simmons" "Aderious" "Simmons" "UNK" "UNK" "2/22/87" "Arizona State" ""
"2298" "00-0029173" "A.Tevis" "Aaron" "Tevis" "UNK" "UNK" "12/4/88" "Boise State" ""
"2299" "00-0029174" "J.Thomas" "Johnny" "Thomas" "UNK" "UNK" "10/24/89" "Oklahoma State" ""
"2300" "00-0026408" "J.Reitz" "Joe" "Reitz" "IND" "OT" "8/24/85" "Western Michigan" ""
"2301" "00-0029177" "S.Baker" "Sean" "Baker" "UNK" "UNK" "11/6/88" "Ball State" ""
"2302" "00-0027759" "L.Asante" "Larry" "Asante" "UNK" "UNK" "3/7/88" "Nebraska" ""
"2303" "00-0028986" "C.Keenum" "Case" "Keenum" "UNK" "UNK" "2/17/88" "Houston" ""
"2304" "00-0028987" "P.Supernaw" "Phillip" "Supernaw" "TEN" "TE" "1/30/90" "Ouachita Baptist" ""
"2305" "00-0028984" "B.Tyms" "Brian" "Tyms" "UNK" "UNK" "2/21/89" "Florida A&M" ""
"2306" "00-0028985" "D.Hunter" "David" "Hunter" "UNK" "UNK" "9/19/89" "Houston" ""
"2307" "00-0028982" "A.Mosley" "Anthony" "Mosley" "UNK" "UNK" "8/31/89" "Kentucky" ""
"2308" "00-0031981" "" "Richard" "Ash" "UNK" "UNK" "8/4/92" "Western Michigan" ""
"2309" "00-0028980" "J.Hampton" "Jewel" "Hampton" "UNK" "UNK" "12/23/89" "Southern Illinois" ""
"2310" "00-0028981" "J.Holland" "Joe" "Holland" "UNK" "UNK" "8/20/88" "Purdue" ""
"2311" "00-0031989" "" "Harold" "Jones-Quartey" "CHI" "SS" "8/6/93" "Findlay" ""
"2312" "00-0029052" "M.Brewster" "Michael" "Brewster" "UNK" "UNK" "7/27/89" "Ohio State" ""
"2313" "00-0029051" "J.Boykin" "Jarrett" "Boykin" "BUF" "WR" "11/4/89" "Virginia Tech" ""
"2314" "00-0029050" "A.Blake" "Antwon" "Blake" "TEN" "DB" "8/9/90" "Texas-El Paso" ""
"2315" "00-0029055" "K.Elliott" "Kevin" "Elliott" "UNK" "UNK" "12/21/88" "Florida A&M" ""
"2316" "00-0029054" "A.Dennard" "Antonio" "Dennard" "UNK" "UNK" "12/20/89" "Langston" ""
"2317" "00-0030926" "C.Underwood" "Colton" "Underwood" "UNK" "UNK" "1/26/92" "Illinois State" ""
"2318" "00-0007308" "C.Hentrich" "Craig" "Hentrich" "UNK" "UNK" "5/18/71" "Notre Dame" ""
"2319" "00-0030921" "T.Palepoi" "Tenny" "Palepoi" "SD" "DE" "12/19/90" "Utah" ""
"2320" "00-0030920" "J.Herndon" "Javontee" "Herndon" "SD" "WR" "6/29/91" "Arkansas" ""
"2321" "00-0022218" "E.Coleman" "Erik" "Coleman" "UNK" "UNK" "5/6/82" "Washington State" ""
"2322" "00-0030923" "" "Jeremiah" "Sirles" "MIN" "OT" "8/8/91" "Nebraska" ""
"2323" "00-0024002" "B.McKinney" "Brandon" "McKinney" "UNK" "UNK" "8/24/83" "Michigan State" ""
"2324" "00-0030922" "" "Alvin" "Scioneaux" "UNK" "UNK" "5/2/91" "Wofford" ""
"2325" "00-0022214" "T.Wharton" "Travelle" "Wharton" "UNK" "UNK" "5/19/81" "South Carolina" ""
"2326" "00-0022216" "N.Vasher" "Nathan" "Vasher" "UNK" "UNK" "11/17/81" "Texas" ""
"2327" "00-0026056" "G.Banks" "Gary" "Banks" "UNK" "UNK" "11/4/81" "Troy" ""
"2328" "00-0026057" "J.Bell" "Josh" "Bell" "UNK" "UNK" "1/8/85" "Baylor" ""
"2329" "00-0026054" "E.Bakhtiari" "Eric" "Bakhtiari" "UNK" "UNK" "12/2/84" "San Diego" ""
"2330" "00-0026053" "J.West" "Joe" "West" "UNK" "UNK" "2/1/84" "Texas-El Paso" ""
"2331" "00-0030851" "" "Eric" "Pike" "UNK" "UNK" "3/19/91" "Towson" ""
"2332" "00-0030850" "C.Parkey" "Cody" "Parkey" "PHI" "K" "2/19/92" "Auburn" ""
"2333" "00-0030853" "L.Purifoy" "Loucheiz" "Purifoy" "UNK" "UNK" "12/16/92" "Florida" ""
"2334" "00-0030855" "Z.Tipton" "Zurlon" "Tipton" "UNK" "UNK" "4/27/89" "Central Michigan" ""
"2335" "00-0021332" "S.White" "Stylez G." "White" "UNK" "UNK" "7/25/79" "Minnesota" ""
"2336" "00-0021337" "R.Curry" "Ronald" "Curry" "UNK" "UNK" "5/28/79" "North Carolina" ""
"2337" "00-0028788" "J.Cleveland" "James" "Cleveland" "UNK" "UNK" "3/7/88" "Houston" ""
"2338" "00-0028789" "W.Grayson" "Wade" "Grayson" "UNK" "UNK" "8/29/89" "Arkansas" ""
"2339" "00-0028836" "M.Wilhoite" "Michael" "Wilhoite" "SF" "ILB" "12/7/86" "Washburn" ""
"2340" "00-0028781" "G.Miller" "Guy" "Miller" "UNK" "UNK" "1/29/88" "Colorado State" ""
"2341" "00-0028782" "T.Poots" "Tysson" "Poots" "UNK" "UNK" "1/12/88" "Southern Utah" ""
"2342" "00-0028835" "M.McFadden" "Marshall" "McFadden" "UNK" "UNK" "8/4/86" "South Carolina State" ""
"2343" "00-0028832" "J.Taplin-Ross" "Justin" "Taplin-Ross" "UNK" "UNK" "3/26/89" "Utah" ""
"2344" "00-0028830" "I.Aaitui" "Isaako" "Aaitui" "UNK" "UNK" "1/25/87" "Nevada-Las Vegas" ""
"2345" "00-0028787" "K.Forbath" "Kai" "Forbath" "NO" "K" "9/2/87" "UCLA" ""
"2346" "00-0030738" "" "Jeff" "Mathews" "UNK" "UNK" "8/25/91" "Cornell" ""
"2347" "00-0030739" "" "Walker" "May" "UNK" "UNK" "9/4/90" "Vanderbilt" ""
"2348" "00-0030734" "T.Glover-Wright" "Tay" "Glover-Wright" "IND" "DB" "6/28/92" "Utah State" ""
"2349" "00-0030586" "R.Nassib" "Ryan" "Nassib" "NYG" "QB" "3/10/90" "Syracuse" ""
"2350" "00-0030857" "" "Deion" "Belue" "UNK" "UNK" "9/3/91" "Alabama" ""
"2351" "00-0029638" "M.Floyd" "Michael" "Floyd" "ARI" "WR" "11/27/89" "Notre Dame" ""
"2352" "00-0030858" "S.Clarke" "Steven" "Clarke" "UNK" "UNK" "4/19/91" "Vanderbilt" ""
"2353" "00-0029635" "C.McSurdy" "Caleb" "McSurdy" "UNK" "UNK" "2/24/90" "Montana" ""
"2354" "00-0029634" "J.Hanna" "James" "Hanna" "DAL" "TE" "7/14/89" "Oklahoma" ""
"2355" "00-0029633" "D.Coale" "Danny" "Coale" "UNK" "UNK" "6/27/88" "Virginia Tech" ""
"2356" "00-0029632" "M.Sanu" "Mohamed" "Sanu" "ATL" "WR" "8/22/89" "Rutgers" ""
"2357" "00-0029631" "M.Burris" "Miles" "Burris" "UNK" "UNK" "6/27/88" "San Diego State" ""
"2358" "00-0029630" "M.Brockers" "Michael" "Brockers" "UNK" "UNK" "12/21/90" "LSU" ""
"2359" "00-0024741" "K.Grennan" "Keith" "Grennan" "UNK" "UNK" "5/20/84" "Eastern Washington" ""
"2360" "00-0024745" "L.Leonard" "Louis" "Leonard" "UNK" "UNK" "7/16/84" "Fresno State" ""
"2361" "00-0033179" "" "Darius" "White" "UNK" "UNK" "9/11/91" "Missouri" ""
"2362" "00-0033178" "" "Khaynin" "Mosley-Smith" "UNK" "UNK" "7/18/91" "Pittsburgh" ""
"2363" "00-0033173" "" "Chase" "Price" "UNK" "UNK" "6/24/93" "San Diego State" ""
"2364" "00-0033177" "" "Wade" "Hansen" "PIT" "OT" "9/8/93" "Virginia Tech" ""
"2365" "00-0030650" "D.McDonald" "Dewey" "McDonald" "OAK" "DB" "6/10/90" "California (PA)" ""
"2366" "00-0030654" "C.Barnett" "Calvin" "Barnett" "UNK" "UNK" "10/7/91" "Oklahoma State" ""
"2367" "00-0029786" "R.Schraeder" "Ryan" "Schraeder" "ATL" "T" "5/4/88" "Valdosta State" ""
"2368" "00-0029785" "D.Campbell" "Devonte" "Campbell" "UNK" "UNK" "6/27/89" "Maryland" ""
"2369" "00-0029782" "D.Russell" "Donald" "Russell" "UNK" "UNK" "8/4/90" "Georgia State" ""
"2370" "00-0029781" "A.Replogle" "Adam" "Replogle" "UNK" "UNK" "10/10/90" "Indiana" ""
"2371" "00-0029780" "M.Moore" "Martel" "Moore" "UNK" "UNK" "11/2/90" "Northern Illinois" ""
"2372" "00-0019506" "D.Clark" "Danny" "Clark" "UNK" "UNK" "5/9/77" "Illinois" ""
"2373" "00-0019502" "M.Tauscher" "Mark" "Tauscher" "UNK" "UNK" "6/17/77" "Wisconsin" ""
"2374" "00-0019503" "K.Houser" "Kevin" "Houser" "UNK" "UNK" "8/23/77" "Ohio State" ""
"2375" "00-0023316" "R.Ventrone" "Raymond" "Ventrone" "UNK" "UNK" "10/21/82" "Villanova" ""
"2376" "00-0033176" "" "Jake" "Ceresna" "NYJ" "DE" "7/9/94" "Cortland State (NY)" ""
"2377" "00-0033175" "" "Kyle" "Steuck" "GB" "C" "7/13/93" "Northern Michigan" ""
"2378" "00-0033174" "" "Tylor" "Harris" "SEA" "DE" "2/16/94" "Wake Forest" ""
"2379" "00-0023186" "L.Torrence" "Leigh" "Torrence" "UNK" "UNK" "1/4/82" "Stanford" ""
"2380" "00-0023168" "O.Thompson" "Orrin" "Thompson" "UNK" "UNK" "11/11/82" "Duke" ""
"2381" "00-0027893" "D.Williams" "Damian" "Williams" "UNK" "UNK" "5/26/88" "USC" ""
"2382" "00-0027896" "R.Phillips" "Randy" "Phillips" "UNK" "UNK" "9/14/86" "Miami (Fla.)" ""
"2383" "00-0025833" "P.Bailey" "Patrick" "Bailey" "UNK" "UNK" "11/19/85" "Duke" ""
"2384" "00-0020840" "R.Clark" "Ryan" "Clark" "UNK" "UNK" "10/12/79" "LSU" ""
"2385" "00-0025834" "D.Woods" "Donovan" "Woods" "UNK" "UNK" "7/27/85" "Oklahoma State" ""
"2386" "00-0025838" "J.Dunbar" "Jo-Lonn" "Dunbar" "UNK" "UNK" "3/13/85" "Boston College" ""
"2387" "00-0027091" "S.Norris" "Slade" "Norris" "UNK" "UNK" "10/25/85" "Oregon State" ""
"2388" "00-0027090" "L.Sidbury" "Lawrence" "Sidbury" "UNK" "UNK" "2/6/86" "Richmond" ""
"2389" "00-0027093" "T.Fiammetta" "Tony" "Fiammetta" "UNK" "UNK" "8/22/86" "Syracuse" ""
"2390" "00-0027092" "A.Collie" "Austin" "Collie" "UNK" "UNK" "11/11/85" "Brigham Young" ""
"2391" "00-0027095" "G.McRath" "Gerald" "McRath" "UNK" "UNK" "6/16/86" "Southern Mississippi" ""
"2392" "00-0027094" "A.Brown" "Andre" "Brown" "UNK" "UNK" "12/15/86" "North Carolina State" ""
"2393" "00-0027097" "T.Green" "Tyronne" "Green" "UNK" "UNK" "4/6/86" "Auburn" ""
"2394" "00-0027096" "S.Olsen" "Seth" "Olsen" "UNK" "UNK" "12/17/85" "Iowa" ""
"2395" "00-0027099" "T.Kropog" "Troy" "Kropog" "UNK" "UNK" "7/31/86" "Tulane" ""
"2396" "00-0027098" "G.Johnson" "Gartrell" "Johnson" "UNK" "UNK" "6/21/86" "Colorado State" ""
"2397" "00-0028294" "D.DePalma" "Dan" "DePalma" "UNK" "UNK" "7/21/89" "West Chester" ""
"2398" "00-0026348" "E.Baldwin" "Ervin" "Baldwin" "UNK" "UNK" "8/25/86" "Michigan State" ""
"2399" "00-0026349" "M.Flynn" "Matt" "Flynn" "UNK" "UNK" "6/20/85" "LSU" ""
"2400" "00-0027699" "M.Johnson" "Mike" "Johnson" "UNK" "UNK" "4/2/87" "Alabama" ""
"2401" "00-0027698" "R.Curran" "Rennie" "Curran" "UNK" "UNK" "11/10/88" "Georgia" ""
"2402" "00-0027693" "T.Price" "Taylor" "Price" "UNK" "UNK" "10/8/87" "Ohio U." ""
"2403" "00-0027692" "A.Edwards" "Armanti" "Edwards" "UNK" "UNK" "3/8/88" "Appalachian State" ""
"2404" "00-0027697" "B.Ghee" "Brandon" "Ghee" "UNK" "UNK" "6/6/87" "Wake Forest" ""
"2405" "00-0027694" "S.Lauvao" "Shawn" "Lauvao" "WAS" "G" "10/26/87" "Arizona State" ""
"2406" "00-0032452" "" "Trevor" "Bates" "IND" "LB" "8/28/93" "Maine" ""
"2407" "00-0023578" "D.Orlovsky" "Dan" "Orlovsky" "DET" "QB" "8/18/83" "Connecticut" ""
"2408" "00-0023579" "T.Cole" "Trent" "Cole" "IND" "OLB" "10/5/82" "Cincinnati" ""
"2409" "00-0023570" "R.Williams" "Roydell" "Williams" "UNK" "UNK" "3/14/81" "Tulane" ""
"2410" "00-0023571" "R.Fields" "Ronald" "Fields" "UNK" "UNK" "9/13/81" "Mississippi State" ""
"2411" "00-0000551" "B.Ayanbadejo" "Brendon" "Ayanbadejo" "UNK" "UNK" "9/6/76" "UCLA" ""
"2412" "00-0032451" "" "Devin" "Fuller" "ATL" "WR" "1/29/94" "UCLA" ""
"2413" "00-0032450" "" "Dwayne" "Washington" "DET" "RB" "4/24/94" "Washington" ""
"2414" "00-0026878" "T.Crabtree" "Tom" "Crabtree" "UNK" "UNK" "11/4/85" "Miami (Ohio)" ""
"2415" "00-0026879" "D.Harris" "Darryl" "Harris" "UNK" "UNK" "1/14/85" "Mississippi" ""
"2416" "00-0026871" "D.Gales" "Dion" "Gales" "UNK" "UNK" "8/17/85" "Troy" ""
"2417" "00-0026873" "B.Greenwood" "Bobby" "Greenwood" "UNK" "UNK" "3/2/87" "Alabama" ""
"2418" "00-0026874" "T.Johnson" "Taurus" "Johnson" "UNK" "UNK" "4/13/86" "South Florida" ""
"2419" "00-0026875" "R.Price" "Ricky" "Price" "UNK" "UNK" "9/16/87" "Oklahoma State" ""
"2420" "00-0026876" "C.Smith" "Corey" "Smith" "UNK" "UNK" "1/17/87" "Cincinnati" ""
"2421" "00-0026877" "P.Walters" "Pierre" "Walters" "UNK" "UNK" "3/25/86" "Eastern Illinois" ""
"2422" "00-0030073" "D.Williams" "Duke" "Williams" "BUF" "SS" "10/15/90" "Nevada" ""
"2423" "00-0030072" "J.Hill" "Jordan" "Hill" "SEA" "DT" "2/8/91" "Penn State" ""
"2424" "00-0030071" "H.Thornton" "Hugh" "Thornton" "IND" "G" "6/28/91" "Illinois" ""
"2425" "00-0030070" "J.Jenkins" "John" "Jenkins" "NO" "DT" "7/11/89" "Georgia" ""
"2426" "00-0030077" "C.Harper" "Chris" "Harper" "UNK" "UNK" "9/10/89" "Kansas State" ""
"2427" "00-0030076" "" "JC" "Tretter" "GB" "C" "2/12/91" "Cornell" ""
"2428" "00-0030075" "" "Khaled" "Holmes" "CHI" "C" "1/19/90" "USC" ""
"2429" "00-0030074" "D.Bakhtiari" "David" "Bakhtiari" "GB" "T" "9/30/91" "Colorado" ""
"2430" "00-0028043" "R.Helu" "Roy" "Helu" "UNK" "UNK" "12/7/88" "Nebraska" ""
"2431" "00-0028040" "J.Cameron" "Jordan" "Cameron" "MIA" "TE" "8/7/88" "USC" ""
"2432" "00-0028049" "E.Gates" "Clyde" "Gates" "UNK" "UNK" "6/13/86" "Abilene Christian" ""
"2433" "00-0023846" "M.Brisiel" "Mike" "Brisiel" "UNK" "UNK" "3/14/83" "Colorado State" ""
"2434" "00-0023847" "J.Charleston" "Jeff" "Charleston" "UNK" "UNK" "1/19/83" "Idaho State" ""
"2435" "00-0023844" "C.Taylor" "Chris" "Taylor" "UNK" "UNK" "11/7/83" "Indiana" ""
"2436" "00-0023595" "A.Alabi" "Anthony" "Alabi" "UNK" "UNK" "2/16/81" "Texas Christian" ""
"2437" "00-0023596" "F.Omiyale" "Frank" "Omiyale" "UNK" "UNK" "11/23/82" "Tennessee Tech" ""
"2438" "00-0031716" "" "Matt" "Darr" "MIA" "P" "7/2/92" "Tennessee" ""
"2439" "00-0028048" "D.Arkin" "David" "Arkin" "UNK" "UNK" "10/7/87" "Missouri State" ""
"2440" "00-0022029" "T.Cox" "Torrie" "Cox" "UNK" "UNK" "10/29/80" "Pittsburgh" ""
"2441" "00-0026917" "C.Ingram" "Cornelius" "Ingram" "UNK" "UNK" "6/10/85" "Florida" ""
"2442" "00-0026916" "R.Bomar" "Rhett" "Bomar" "UNK" "UNK" "7/2/85" "Sam Houston State" ""
"2443" "00-0026915" "D.Drew" "Davon" "Drew" "UNK" "UNK" "12/9/85" "East Carolina" ""
"2444" "00-0026914" "B.Hughes" "Brandon" "Hughes" "UNK" "UNK" "5/23/86" "Oregon State" ""
"2445" "00-0026913" "J.Knox" "Johnny" "Knox" "UNK" "UNK" "11/3/86" "Abilene Christian" ""
"2446" "00-0026912" "W.Middleton" "William" "Middleton" "UNK" "UNK" "7/28/86" "Furman" ""
"2447" "00-0026911" "J.Phillips" "Jason" "Phillips" "UNK" "UNK" "2/14/86" "Texas Christian" ""
"2448" "00-0026910" "G.Toler" "Greg" "Toler" "WAS" "DB" "1/2/85" "St. Paul's (VA)" ""
"2449" "00-0026919" "X.Fulton" "Xavier" "Fulton" "UNK" "UNK" "4/18/86" "Illinois" ""
"2450" "00-0026918" "M.Freeman" "Marcus" "Freeman" "UNK" "UNK" "1/10/86" "Ohio State" ""
"2451" "00-0030534" "B.Jones" "Barrett" "Jones" "PHI" "G" "5/25/90" "Alabama" ""
"2452" "00-0030460" "M.Wheaton" "Markus" "Wheaton" "PIT" "WR" "2/7/91" "Oregon State" ""
"2453" "00-0030461" "" "Edmund" "Kugbila" "UNK" "UNK" "9/21/90" "Valdosta State" ""
"2454" "00-0030462" "S.Commings" "Sanders" "Commings" "UNK" "UNK" "3/8/90" "Georgia" ""
"2455" "00-0030463" "A.Klein" "A.J." "Klein" "CAR" "MLB" "7/30/91" "Iowa State" ""
"2456" "00-0030464" "T.Hawthorne" "Terry" "Hawthorne" "UNK" "UNK" "1/1/90" "Illinois" ""
"2457" "00-0030465" "K.Barner" "Kenjon" "Barner" "PHI" "RB" "4/28/90" "Oregon" ""
"2458" "00-0030466" "J.Brown" "Justin" "Brown" "UNK" "UNK" "3/10/91" "Oklahoma" ""
"2459" "00-0030467" "J.Veltung" "Justin" "Veltung" "UNK" "UNK" "3/30/91" "Idaho" ""
"2460" "00-0030468" "C.Rayford" "Caesar" "Rayford" "UNK" "UNK" "3/4/86" "Washington" ""
"2461" "00-0030469" "J.Banks" "Johnthan" "Banks" "TB" "CB" "10/3/89" "Mississippi State" ""
"2462" "00-0030535" "B.McGee" "Brandon" "McGee" "UNK" "UNK" "12/11/90" "Miami (Fla.)" ""
"2463" "00-0011626" "B.Moorman" "Brian" "Moorman" "UNK" "UNK" "2/5/76" "Pittsburg State" ""
"2464" "00-0029934" "R.Smith" "Rodney" "Smith" "UNK" "UNK" "3/11/90" "Florida State" ""
"2465" "00-0029935" "C.Ukwu" "Collins" "Ukwu" "UNK" "UNK" "1/6/90" "Kentucky" ""
"2466" "00-0023376" "A.Spann" "Antwain" "Spann" "UNK" "UNK" "2/22/83" "Louisiana-Lafayette" ""
"2467" "00-0029930" "M.Jackson" "Marquis" "Jackson" "UNK" "UNK" "1/11/90" "Portland State" ""
"2468" "00-0029931" "Z.Line" "Zach" "Line" "MIN" "FB" "4/26/90" "Southern Methodist" ""
"2469" "00-0029932" "A.McCloud" "Anthony" "McCloud" "UNK" "UNK" "8/6/89" "Florida State" ""
"2470" "00-0029933" "B.Randle" "Bradley" "Randle" "UNK" "UNK" "9/17/90" "Nevada-Las Vegas" ""
"2471" "00-0025736" "C.Vincent" "Chris" "Vincent" "UNK" "UNK" "9/2/81" "Oregon" ""
"2472" "00-0021349" "R.Wright" "Rodney" "Wright" "UNK" "UNK" "11/28/79" "Fresno State" ""
"2473" "00-0021348" "K.Kosier" "Kyle" "Kosier" "UNK" "UNK" "11/27/78" "Arizona State" ""
"2474" "00-0021345" "C.Massey" "Chris" "Massey" "UNK" "UNK" "8/21/79" "Marshall" ""
"2475" "00-0021344" "B.Keisel" "Brett" "Keisel" "UNK" "UNK" "9/19/78" "Brigham Young" ""
"2476" "00-0026423" "M.Butterworth" "Mike" "Butterworth" "UNK" "UNK" "1/7/85" "Slippery Rock" ""
"2477" "00-0021341" "E.Heitmann" "Eric" "Heitmann" "UNK" "UNK" "2/24/80" "Stanford" ""
"2478" "00-0021340" "R.Brock" "Raheem" "Brock" "UNK" "UNK" "6/10/78" "Temple" ""
"2479" "00-0029192" "D.Curtis" "De'Anthony" "Curtis" "UNK" "UNK" "5/8/90" "Arkansas" ""
"2480" "00-0029193" "B.Irvin" "Bruce" "Irvin" "OAK" "LB" "11/1/87" "West Virginia" ""
"2481" "00-0032531" "" "Will" "Monday" "UNK" "UNK" "7/25/92" "Duke" ""
"2482" "00-0032532" "" "Giorgio" "Newberry" "UNK" "UNK" "11/26/91" "Florida State" ""
"2483" "00-0032537" "" "Canaan" "Severin" "PIT" "WR" "3/16/93" "Virginia" ""
"2484" "00-0031845" "" "Chris" "Hackett" "UNK" "UNK" "8/3/93" "Texas Christian" ""
"2485" "00-0026267" "J.Tamme" "Jacob" "Tamme" "ATL" "TE" "3/15/85" "Kentucky" ""
"2486" "00-0026266" "L.Hawkins" "Lavelle" "Hawkins" "UNK" "UNK" "7/12/86" "California" ""
"2487" "00-0026263" "B.Kehl" "Bryan" "Kehl" "UNK" "UNK" "6/16/84" "Brigham Young" ""
"2488" "00-0026262" "T.Choice" "Tashard" "Choice" "UNK" "UNK" "11/20/84" "Georgia Tech" ""
"2489" "00-0023084" "M.Harris" "Marques" "Harris" "UNK" "UNK" "9/20/81" "Southern Utah" ""
"2490" "00-0026269" "J.Wilhite" "Jonathan" "Wilhite" "UNK" "UNK" "2/23/84" "Auburn" ""
"2491" "00-0026268" "K.Burton" "Keenan" "Burton" "UNK" "UNK" "10/29/84" "Kentucky" ""
"2492" "00-0027798" "J.Calvin" "Jorrick" "Calvin" "UNK" "UNK" "7/17/87" "Troy" ""
"2493" "00-0027799" "J.Pugh" "Jordan" "Pugh" "UNK" "UNK" "1/29/88" "Texas A&M" ""
"2494" "00-0027796" "Jo.Webb" "Joe" "Webb" "CAR" "QB" "11/14/86" "Alabama-Birmingham" ""
"2495" "00-0027797" "C.Scott" "Charles" "Scott" "UNK" "UNK" "8/8/88" "LSU" ""
"2496" "00-0027794" "J.Wall" "Jamar" "Wall" "UNK" "UNK" "1/10/88" "Texas Tech" ""
"2497" "00-0027795" "D.Gettis" "David" "Gettis" "UNK" "UNK" "8/27/87" "Baylor" ""
"2498" "00-0027792" "R.Harewood" "Ramon" "Harewood" "UNK" "UNK" "2/3/87" "Morehouse" ""
"2499" "00-0027793" "A.Brown" "Antonio" "Brown" "PIT" "WR" "7/10/88" "Central Michigan" ""
"2500" "00-0027790" "D.Batten" "Danny" "Batten" "UNK" "UNK" "12/8/87" "South Dakota State" ""
"2501" "00-0027791" "J.Starks" "James" "Starks" "GB" "RB" "2/25/86" "Buffalo" ""
"2502" "00-0032439" "" "Jimmy" "Landes" "DET" "LS" "8/13/92" "Baylor" ""
"2503" "00-0032438" "" "Maurice" "Canady" "BAL" "CB" "5/26/94" "Virginia" ""
"2504" "00-0029837" "M.Edwards" "Mike" "Edwards" "UNK" "UNK" "12/14/89" "Texas-El Paso" ""
"2505" "00-0027771" "B.Bowden" "Brent" "Bowden" "UNK" "UNK" "5/21/87" "Virginia Tech" ""
"2506" "00-0027773" "D.Morris" "Dennis" "Morris" "UNK" "UNK" "2/15/87" "Louisiana Tech" ""
"2507" "00-0031480" "" "Uani'" "Unga" "NYG" "LB" "12/28/87" "Brigham Young" ""
"2508" "00-0023459" "A.Rodgers" "Aaron" "Rodgers" "GB" "QB" "12/2/83" "California" ""
"2509" "00-0023458" "F.Washington" "Fabian" "Washington" "UNK" "UNK" "6/9/83" "Nebraska" ""
"2510" "00-0023455" "M.Spears" "Marcus" "Spears" "UNK" "UNK" "3/8/83" "LSU" ""
"2511" "00-0023454" "A.Barron" "Alex" "Barron" "UNK" "UNK" "9/28/82" "Florida State" ""
"2512" "00-0029836" "K.Davis" "Keenan" "Davis" "UNK" "UNK" "1/30/91" "Iowa" ""
"2513" "00-0029237" "A.Wells" "Austin" "Wells" "UNK" "UNK" "3/28/89" "Northern Iowa" ""
"2514" "00-0024687" "D.Zeigler" "Dominique" "Zeigler" "UNK" "UNK" "10/11/84" "Baylor" ""
"2515" "00-0024681" "B.London" "Brandon" "London" "UNK" "UNK" "10/16/84" "Massachusetts" ""
"2516" "00-0024682" "M.Matthews" "Michael" "Matthews" "UNK" "UNK" "10/9/83" "Georgia Tech" ""
"2517" "00-0028952" "D.Butler" "Drew" "Butler" "ARI" "P" "5/10/89" "Georgia" ""
"2518" "00-0032433" "" "Kyle" "Murphy" "GB" "OT" "12/11/93" "Stanford" ""
"2519" "00-0028486" "R.Mahaffey" "Ryan" "Mahaffey" "UNK" "UNK" "11/28/87" "Northern Iowa" ""
"2520" "00-0027138" "M.Pryor" "Myron" "Pryor" "UNK" "UNK" "6/13/86" "Kentucky" ""
"2521" "00-0027139" "J.Phillips" "John" "Phillips" "DEN" "TE" "6/11/87" "Virginia" ""
"2522" "00-0029839" "" "Chris" "Faulk" "UNK" "UNK" "1/21/90" "LSU" ""
"2523" "00-0027130" "J.Davis" "James" "Davis" "UNK" "UNK" "1/1/86" "Clemson" ""
"2524" "00-0027131" "K.Null" "Keith" "Null" "UNK" "UNK" "9/24/85" "West Texas A&M" ""
"2525" "00-0027136" "J.McCourty" "Jason" "McCourty" "TEN" "CB" "8/13/87" "Rutgers" ""
"2526" "00-0027137" "D.Edison" "Dominique" "Edison" "UNK" "UNK" "7/16/86" "Stephen F. Austin St." ""
"2527" "00-0027135" "B.Myers" "Brandon" "Myers" "TB" "TE" "9/4/85" "Iowa" ""
"2528" "00-0032437" "" "Kamu" "Grugier-Hill" "NE" "OLB" "5/16/94" "Eastern Illinois" ""
"2529" "00-0024535" "E.Weems" "Eric" "Weems" "ATL" "WR" "7/4/85" "Bethune-Cookman" ""
"2530" "00-0032436" "" "Jeff" "Driskel" "SF" "QB" "4/23/93" "Louisiana Tech" ""
"2531" "00-0029234" "K.Moore" "Kellen" "Moore" "DAL" "QB" "7/12/89" "Boise State" ""
"2532" "00-0030265" "A.Tweedy" "Alonzo" "Tweedy" "UNK" "UNK" "7/27/89" "Virginia Tech" ""
"2533" "00-0030263" "C.James" "Charles" "James" "HOU" "DB" "5/14/90" "Charleston Southern" ""
"2534" "00-0030260" "" "Michael" "Zordich" "UNK" "UNK" "10/29/89" "Penn State" ""
"2535" "00-0021314" "C.Taylor" "Chester" "Taylor" "UNK" "UNK" "9/22/79" "Toledo" ""
"2536" "00-0009056" "J.Kearse" "Jevon" "Kearse" "UNK" "UNK" "9/3/76" "Florida" ""
"2537" "00-0026309" "T.Scott" "Trevor" "Scott" "UNK" "UNK" "8/30/84" "Buffalo" ""
"2538" "00-0010373" "O.Mare" "Olindo" "Mare" "UNK" "UNK" "6/6/73" "Syracuse" ""
"2539" "00-0021647" "J.Urban" "Jerheme" "Urban" "UNK" "UNK" "11/26/80" "Trinity (Tex.)" ""
"2540" "00-0020305" "A.Feeley" "A.J." "Feeley" "UNK" "UNK" "5/16/77" "Oregon" ""
"2541" "00-0020301" "R.Hill" "Renaldo" "Hill" "UNK" "UNK" "11/12/78" "Michigan State" ""
"2542" "00-0028107" "C.White" "Chris" "White" "UNK" "UNK" "1/15/89" "Mississippi State" ""
"2543" "00-0028104" "L.Wilson" "Lawrence" "Wilson" "UNK" "UNK" "11/16/87" "Connecticut" ""
"2544" "00-0028105" "R.Whalen" "Ryan" "Whalen" "SF" "WR" "7/26/89" "Stanford" ""
"2545" "00-0028102" "Ch.Brown" "Chykie" "Brown" "CIN" "DB" "12/26/86" "Texas" ""
"2546" "00-0028103" "P.McPhee" "Pernell" "McPhee" "CHI" "OLB" "12/17/88" "Mississippi State" ""
"2547" "00-0028100" "C.Carter" "Chris" "Carter" "BAL" "LB" "4/6/89" "Fresno State" ""
"2548" "00-0028101" "D.Kilgore" "Daniel" "Kilgore" "SF" "C" "12/18/87" "Appalachian State" ""
"2549" "00-0028108" "M.Raymond" "Mistral" "Raymond" "UNK" "UNK" "9/7/87" "South Florida" ""
"2550" "00-0026302" "E.Ainge" "Erik" "Ainge" "UNK" "UNK" "6/12/86" "Tennessee" ""
"2551" "00-0023966" "T.Bergeron" "Troy" "Bergeron" "UNK" "UNK" "12/3/83" "Middle Tennessee State" ""
"2552" "00-0014255" "E.Salaam" "Ephraim" "Salaam" "UNK" "UNK" "6/19/76" "San Diego State" ""
"2553" "00-0023968" "M.Spurlock" "Micheal" "Spurlock" "UNK" "UNK" "1/31/83" "Mississippi" ""
"2554" "00-0026300" "J.Johnson" "Josh" "Johnson" "BAL" "QB" "5/15/86" "San Diego" ""
"2555" "00-0019630" "K.Clancy" "Kendrick" "Clancy" "UNK" "UNK" "8/17/78" "Mississippi" ""
"2556" "00-0019632" "C.Carlisle" "Cooper" "Carlisle" "UNK" "UNK" "8/11/77" "Florida" ""
"2557" "00-0026301" "M.Howard" "Marcus" "Howard" "UNK" "UNK" "10/12/85" "Georgia" ""
"2558" "00-0019635" "D.Jones" "Dhani" "Jones" "UNK" "UNK" "2/22/78" "Michigan" ""
"2559" "00-0026306" "Ma.Thomas" "Marcus" "Thomas" "UNK" "UNK" "5/28/84" "Texas-El Paso" ""
"2560" "00-0018613" "C.Green" "Cornell" "Green" "UNK" "UNK" "8/25/76" "Central Florida" ""
"2561" "00-0026307" "E.Walden" "Erik" "Walden" "IND" "OLB" "8/21/85" "Middle Tennessee State" ""
"2562" "00-0028007" "R.Housler" "Rob" "Housler" "CHI" "TE" "3/17/88" "Florida Atlantic" ""
"2563" "00-0028006" "K.Sheppard" "Kelvin" "Sheppard" "NYG" "LB" "1/2/88" "LSU" ""
"2564" "00-0026305" "J.Goff" "Jonathan" "Goff" "UNK" "UNK" "12/12/85" "Vanderbilt" ""
"2565" "00-0028557" "Ba.Johnson" "Bart" "Johnson" "UNK" "UNK" "5/2/88" "Texas Christian" ""
"2566" "00-0028004" "D.Moch" "Dontay" "Moch" "UNK" "UNK" "7/19/88" "Nevada" ""
"2567" "00-0028218" "M.Dell" "Mark" "Dell" "UNK" "UNK" "5/28/89" "Michigan State" ""
"2568" "00-0028216" "B.Bing" "Brandon" "Bing" "UNK" "UNK" "8/8/89" "Rutgers" ""
"2569" "00-0028217" "R.Brown" "Ronnell" "Brown" "UNK" "UNK" "7/2/88" "James Madison" ""
"2570" "00-0028212" "C.Miller" "Colin" "Miller" "UNK" "UNK" "11/22/87" "Central Michigan" ""
"2571" "00-0028550" "C.Cochart" "Colin" "Cochart" "UNK" "UNK" "7/7/87" "South Dakota State" ""
"2572" "00-0031615" "" "Christian" "Ringo" "GB" "DE" "3/10/92" "Louisiana-Lafayette" ""
"2573" "00-0031616" "" "Reshard" "Cliett" "HOU" "OLB" "4/29/92" "South Florida" ""
"2574" "00-0031617" "" "Kennard" "Backman" "GB" "TE" "2/26/93" "Alabama-Birmingham" ""
"2575" "00-0006072" "M.Goff" "Mike" "Goff" "UNK" "UNK" "1/6/76" "Iowa" ""
"2576" "00-0031611" "" "Josh" "Robinson" "UNK" "UNK" "8/24/92" "Mississippi State" ""
"2577" "00-0031612" "" "Aaron" "Ripkowski" "GB" "FB" "12/20/92" "Oklahoma" ""
"2578" "00-0026848" "Sp.Smith" "Spenser" "Smith" "UNK" "UNK" "12/15/86" "Eastern Michigan" ""
"2579" "00-0023213" "A.Francisco" "Aaron" "Francisco" "UNK" "UNK" "7/5/83" "Brigham Young" ""
"2580" "00-0030127" "M.Cooper" "Marcus" "Cooper" "KC" "CB" "2/1/90" "Rutgers" ""
"2581" "00-0023215" "H.Farwell" "Heath" "Farwell" "UNK" "UNK" "12/31/81" "San Diego State" ""
"2582" "00-0024372" "C.Peprah" "Charlie" "Peprah" "UNK" "UNK" "2/24/83" "Alabama" ""
"2583" "00-0031613" "" "Amarlo" "Herrera" "UNK" "UNK" "9/20/91" "Georgia" ""
"2584" "00-0029205" "T.Cadet" "Travaris" "Cadet" "NO" "RB" "2/1/89" "Appalachian State" ""
"2585" "00-0031618" "" "Kristjan" "Sokoli" "UNK" "UNK" "9/24/91" "Buffalo" ""
"2586" "00-0031619" "" "Christian" "Covington" "HOU" "DT" "10/16/93" "Rice" ""
"2587" "00-0029755" "B.Leonhardt" "Brian" "Leonhardt" "UNK" "UNK" "4/2/90" "Bemidji State" ""
"2588" "00-0029757" "S.McGuffie" "Sam" "McGuffie" "UNK" "UNK" "10/16/89" "Rice" ""
"2589" "00-0021798" "B.Yates" "Billy" "Yates" "UNK" "UNK" "4/15/80" "Texas A&M" ""
"2590" "00-0021791" "O.Grigsby" "Otis" "Grigsby" "UNK" "UNK" "11/19/80" "Kentucky" ""
"2591" "00-0032753" "" "Luke" "Rhodes" "TB" "LB" "12/2/92" "William & Mary" ""
"2592" "00-0029039" "D.Fletcher" "Donnie" "Fletcher" "UNK" "UNK" "5/23/90" "Boston College" ""
"2593" "00-0029038" "M.Dowtin" "Marcus" "Dowtin" "UNK" "UNK" "1/22/89" "North Alabama" ""
"2594" "00-0029035" "H.Hicks" "Hayworth" "Hicks" "UNK" "UNK" "10/3/88" "Iowa State" ""
"2595" "00-0029034" "J.Aiono" "James" "Aiono" "UNK" "UNK" "1/23/89" "Utah" ""
"2596" "00-0029036" "J.Sambrano" "Jabin" "Sambrano" "UNK" "UNK" "3/15/90" "Montana" ""
"2597" "00-0029031" "B.Stahovich" "Brian" "Stahovich" "UNK" "UNK" "4/14/90" "San Diego State" ""
"2598" "00-0029030" "M.Pellerin" "Micah" "Pellerin" "UNK" "UNK" "11/23/88" "Hampton" ""
"2599" "00-0029033" "G.Whalen" "Griff" "Whalen" "MIA" "WR" "3/1/90" "Stanford" ""
"2600" "00-0029032" "L.Thomas" "Latarrius" "Thomas" "UNK" "UNK" "3/22/88" "Eastern Michigan" ""
"2601" "00-0025479" "T.Edwards" "Trent" "Edwards" "UNK" "UNK" "10/30/83" "Stanford" ""
"2602" "00-0025478" "M.Henderson" "Mario" "Henderson" "UNK" "UNK" "10/29/84" "Florida State" ""
"2603" "00-0025471" "J.Wade" "Jonathan" "Wade" "UNK" "UNK" "3/27/84" "Tennessee" ""
"2604" "00-0025470" "C.Johnson" "Charles" "Johnson" "CAR" "DE" "7/10/86" "Georgia" ""
"2605" "00-0025473" "M.Yanda" "Marshal" "Yanda" "BAL" "G" "9/15/84" "Iowa" ""
"2606" "00-0025472" "B.Mebane" "Brandon" "Mebane" "SD" "DT" "1/15/85" "California" ""
"2607" "00-0025475" "A.Alleman" "Andy" "Alleman" "UNK" "UNK" "11/20/83" "Akron" ""
"2608" "00-0025474" "S.Bradley" "Stewart" "Bradley" "UNK" "UNK" "11/2/83" "Nebraska" ""
"2609" "00-0025476" "A.Rouse" "Aaron" "Rouse" "UNK" "UNK" "1/8/84" "Virginia Tech" ""
"2610" "00-0026071" "K.Arrington" "Kyle" "Arrington" "BAL" "CB" "8/12/86" "Hofstra" ""
"2611" "00-0026072" "J.Collins" "Jed" "Collins" "UNK" "UNK" "3/3/86" "Washington State" ""
"2612" "00-0030878" "" "Chris" "Elkins" "UNK" "UNK" "6/24/92" "Youngstown State" ""
"2613" "00-0026076" "S.McBride" "Shaheer" "McBride" "UNK" "UNK" "2/6/85" "Delaware State" ""
"2614" "00-0026077" "J.Roland" "Justin" "Roland" "UNK" "UNK" "1/14/86" "Kansas State" ""
"2615" "00-0030873" "" "Davonte" "Wallace" "UNK" "UNK" "12/21/91" "New Mexico State" ""
"2616" "00-0024294" "J.Norwood" "Jerious" "Norwood" "UNK" "UNK" "7/29/83" "Mississippi State" ""
"2617" "00-0024295" "C.Ingram" "Clint" "Ingram" "UNK" "UNK" "3/21/83" "Oklahoma" ""
"2618" "00-0024298" "A.Smith" "Anthony" "Smith" "UNK" "UNK" "9/20/83" "Syracuse" ""
"2619" "00-0024299" "B.Williams" "Brandon" "Williams" "UNK" "UNK" "2/24/84" "Wisconsin" ""
"2620" "00-0015194" "H.Smith" "Hunter" "Smith" "UNK" "UNK" "8/9/77" "Notre Dame" ""
"2621" "00-0022998" "A.Harrison" "Arnold" "Harrison" "UNK" "UNK" "9/20/82" "Georgia" ""
"2622" "00-0030874" "Da.Williams" "Damien" "Williams" "MIA" "RB" "4/3/92" "Oklahoma" ""
"2623" "00-0030532" "S.Bailey" "Stedman" "Bailey" "UNK" "UNK" "11/11/90" "West Virginia" ""
"2624" "00-0030531" "" "Dallas" "Thomas" "MIA" "OG" "10/30/89" "Tennessee" ""
"2625" "00-0033119" "" "Jacoby" "Brissett" "NE" "QB" "12/11/92" "North Carolina State" ""
"2626" "00-0033118" "" "Kenyan" "Drake" "MIA" "RB" "1/26/94" "Alabama" ""
"2627" "00-0030536" "Z.Stacy" "Zac" "Stacy" "UNK" "UNK" "4/9/91" "Vanderbilt" ""
"2628" "00-0033117" "" "Bronson" "Kaufusi" "BAL" "DE" "7/6/91" "Brigham Young" ""
"2629" "00-0033116" "" "Bryce" "Cheek" "UNK" "UNK" "8/28/93" "Akron" ""
"2630" "00-0030826" "R.Reynolds" "Rashaad" "Reynolds" "UNK" "UNK" "2/2/91" "Oregon State" ""
"2631" "00-0030827" "" "Tyler" "Shatley" "UNK" "UNK" "5/5/91" "Clemson" ""
"2632" "00-0030829" "" "Josh" "Wells" "UNK" "UNK" "2/14/91" "James Madison" ""
"2633" "00-0030538" "J.Cyprien" "Johnathan" "Cyprien" "UNK" "UNK" "7/29/90" "Florida International" ""
"2634" "00-0029685" "G.Van Roten" "Greg" "Van Roten" "UNK" "UNK" "2/26/90" "Pennsylvania" ""
"2635" "00-0029967" "S.Brenner" "Sam" "Brenner" "DEN" "C" "4/27/90" "Utah" ""
"2636" "00-0024117" "W.Kershaw" "William" "Kershaw" "UNK" "UNK" "12/15/83" "Maryland" ""
"2637" "00-0027300" "E.Moncur" "Eric" "Moncur" "UNK" "UNK" "11/28/84" "Miami (Fla.)" ""
"2638" "00-0027302" "D.Pender" "David" "Pender" "UNK" "UNK" "12/4/87" "Purdue" ""
"2639" "00-0027306" "J.McCoy" "Jamie" "McCoy" "UNK" "UNK" "7/21/87" "Texas A&M" ""
"2640" "00-0027309" "L.Jeanpierre" "Lemuel" "Jeanpierre" "DET" "C" "5/19/87" "South Carolina" ""
"2641" "00-0027308" "J.Horne" "Jeremy" "Horne" "UNK" "UNK" "10/25/86" "Massachusetts" ""
"2642" "00-0025819" "R.McGee" "Richmond" "McGee" "UNK" "UNK" "4/25/83" "Texas" ""
"2643" "00-0025818" "W.Billingsley" "Will" "Billingsley" "UNK" "UNK" "4/23/84" "North Carolina A&T" ""
"2644" "00-0031052" "B.Breeland" "Bashaud" "Breeland" "WAS" "CB" "1/30/92" "Clemson" ""
"2645" "00-0020824" "V.Fox" "Vernon" "Fox" "UNK" "UNK" "10/9/79" "Fresno State" ""
"2646" "00-0031050" "K.Martin" "Kareem" "Martin" "ARI" "LB" "2/19/92" "North Carolina" ""
"2647" "00-0031051" "Jo. Brown" "John" "Brown" "ARI" "WR" "4/3/90" "Pittsburg State" ""
"2648" "00-0031056" "" "Shaq" "Evans" "UNK" "UNK" "3/7/91" "UCLA" ""
"2649" "00-0031057" "K.Carey" "Ka'Deem" "Carey" "CHI" "RB" "10/30/92" "Arizona" ""
"2650" "00-0031054" "D.Jones" "DaQuan" "Jones" "TEN" "DE" "12/17/91" "Penn State" ""
"2651" "00-0031055" "A.Williams" "Andre" "Williams" "NYG" "RB" "8/28/92" "Boston College" ""
"2652" "00-0031058" "" "Carl" "Bradford" "GB" "OLB" "8/15/92" "Arizona State" ""
"2653" "00-0031059" "" "Marqueston" "Huff" "TEN" "SS" "4/6/92" "Wyoming" ""
"2654" "00-0026626" "J.Love" "Jamar" "Love" "UNK" "UNK" "11/8/86" "Arkansas" ""
"2655" "00-0029426" "" "Brandon" "Washington" "UNK" "UNK" "8/13/88" "Miami (Fla.)" ""
"2656" "00-0028593" "S.Genus" "Sampson" "Genus" "UNK" "UNK" "5/2/88" "South Florida" ""
"2657" "00-0028592" "B.Taylor" "Brad" "Taylor" "UNK" "UNK" "11/10/87" "Baylor" ""
"2658" "00-0028594" "B.Thran" "Bo" "Thran" "UNK" "UNK" "11/17/87" "Oregon" ""
"2659" "00-0028597" "J.Hoese" "Jon" "Hoese" "UNK" "UNK" "7/4/89" "Minnesota" ""
"2660" "00-0028596" "T.Gurley" "Tori" "Gurley" "UNK" "UNK" "11/22/87" "South Carolina" ""
"2661" "00-0026999" "M.Oher" "Michael" "Oher" "CAR" "T" "5/28/86" "Mississippi" ""
"2662" "00-0026621" "D.Philistin" "Dave" "Philistin" "UNK" "UNK" "9/24/86" "Maryland" ""
"2663" "00-0026620" "D.Moore" "Devin" "Moore" "UNK" "UNK" "11/6/85" "Wyoming" ""
"2664" "00-0032642" "" "Tyler" "Kuder" "GB" "DT" "6/3/92" "Idaho State" ""
"2665" "00-0032643" "" "Michael" "Hunter" "NYG" "CB" "4/19/93" "Oklahoma State" ""
"2666" "00-0032640" "" "Randall" "Jette" "UNK" "UNK" "3/27/93" "Massachusetts" ""
"2667" "00-0032641" "" "Donte" "Deayon" "NYG" "DB" "1/28/94" "Boise State" ""
"2668" "00-0032644" "" "Peter" "Mortell" "UNK" "UNK" "12/29/92" "Minnesota" ""
"2669" "00-0032645" "" "Dennis" "Parks" "CLE" "WR" "7/27/94" "Rice" ""
"2670" "00-0032649" "" "Brian" "Price" "GB" "DT" "6/24/94" "Texas-San Antonio" ""
"2671" "00-0029964" "" "Luke" "Marquardt" "DET" "OT" "3/23/90" "Azusa Pacific" ""
"2672" "00-0023556" "D.Preston" "Duke" "Preston" "UNK" "UNK" "6/12/82" "Illinois" ""
"2673" "00-0023557" "K.Rhodes" "Kerry" "Rhodes" "UNK" "UNK" "8/2/82" "Louisville" ""
"2674" "00-0023558" "Jason.Brown" "Jason" "Brown" "UNK" "UNK" "5/5/83" "North Carolina" ""
"2675" "00-0023559" "B.Poppinga" "Brady" "Poppinga" "UNK" "UNK" "9/21/79" "Brigham Young" ""
"2676" "00-0032394" "" "Nick" "Vannett" "SEA" "TE" "3/6/93" "Ohio State" ""
"2677" "00-0032395" "" "Graham" "Glasgow" "DET" "C" "7/19/92" "Michigan" ""
"2678" "00-0032396" "" "Vincent" "Valentine" "NE" "DT" "2/23/94" "Nebraska" ""
"2679" "00-0032397" "" "Rees" "Odhiambo" "SEA" "OG" "9/23/92" "Bowie State" ""
"2680" "00-0032390" "" "Cyrus" "Jones" "NE" "CB" "11/29/93" "Alabama" ""
"2681" "00-0032391" "" "Joe" "Thuney" "NE" "OG" "11/19/92" "North Carolina State" ""
"2682" "00-0032392" "" "Austin" "Hooper" "ATL" "TE" "11/4/94" "Stanford" ""
"2683" "00-0032393" "" "C.J." "Prosise" "SEA" "RB" "5/20/94" "Notre Dame" ""
"2684" "00-0032398" "" "Chris" "Moore" "BAL" "WR" "6/16/93" "Cincinnati" ""
"2685" "00-0032399" "" "Miles" "Killebrew" "DET" "SS" "5/10/93" "Southern Utah" ""
"2686" "00-0022790" "J.David" "Jason" "David" "UNK" "UNK" "6/12/82" "Washington State" ""
"2687" "00-0022793" "A.Smith" "Antonio" "Smith" "UNK" "UNK" "10/21/81" "Oklahoma State" ""
"2688" "00-0022796" "M.Karney" "Mike" "Karney" "UNK" "UNK" "7/6/81" "Arizona State" ""
"2689" "00-0023005" "A.Awasom" "Adrian" "Awasom" "UNK" "UNK" "10/25/83" "North Texas" ""
"2690" "00-0027573" "M.Unrein" "Mitch" "Unrein" "CHI" "DE" "3/25/87" "Wyoming" ""
"2691" "00-0027571" "M.Sheppard" "Malcolm" "Sheppard" "UNK" "UNK" "2/13/88" "Arkansas" ""
"2692" "00-0027576" "Mica.Johnson" "Micah" "Johnson" "UNK" "UNK" "6/22/88" "Kentucky" ""
"2693" "00-0026893" "T.Spencer" "Truman" "Spencer" "UNK" "UNK" "10/7/85" "North Texas" ""
"2694" "00-0030017" "W.Pericak" "Will" "Pericak" "SEA" "C" "12/30/89" "Colorado" ""
"2695" "00-0030010" "B.Copeland" "Brandon" "Copeland" "DET" "DE" "7/2/91" "Pennsylvania" ""
"2696" "00-0030013" "R.Gaines" "Rogers" "Gaines" "UNK" "UNK" "6/24/89" "Tennessee State" ""
"2697" "00-0030012" "M.Furstenburg" "Matt" "Furstenburg" "UNK" "UNK" "6/19/89" "Maryland" ""
"2698" "00-0030018" "" "Gerrard" "Sheppard" "UNK" "UNK" "11/16/90" "Towson" ""
"2699" "00-0028025" "D.Nevis" "Drake" "Nevis" "UNK" "UNK" "5/8/89" "LSU" ""
"2700" "00-0028024" "A.Bailey" "Allen" "Bailey" "KC" "DE" "3/25/89" "Miami (Fla.)" ""
"2701" "00-0028027" "S.Wright" "Shareece" "Wright" "BAL" "CB" "4/8/87" "USC" ""
"2702" "00-0028026" "J.Patrick" "Johnny" "Patrick" "UNK" "UNK" "8/17/88" "Louisville" ""
"2703" "00-0028021" "J.Jernigan" "Jerrel" "Jernigan" "UNK" "UNK" "6/14/89" "Troy" ""
"2704" "00-0028020" "V.Brown" "Vincent" "Brown" "UNK" "UNK" "1/25/89" "San Diego State" ""
"2705" "00-0028023" "J.Reid" "Jah" "Reid" "KC" "OT" "7/21/88" "Central Florida" ""
"2706" "00-0028022" "M.Foster" "Mason" "Foster" "WAS" "ILB" "3/1/89" "Washington" ""
"2707" "00-0028029" "A.Dent" "Akeem" "Dent" "HOU" "ILB" "9/27/87" "Georgia" ""
"2708" "00-0028028" "C.Marsh" "Curtis" "Marsh" "UNK" "UNK" "3/1/88" "Utah State" ""
"2709" "00-0032477" "" "John" "Tidwell" "DEN" "DB" "3/25/93" "Sioux Falls" ""
"2710" "00-0032888" "" "Karl" "Joseph" "OAK" "SAF" "9/8/93" "West Virginia" ""
"2711" "00-0032889" "" "A'Shawn" "Robinson" "DET" "DT" "3/21/95" "Alabama" ""
"2712" "00-0032880" "" "Dillon" "Lee" "NO" "LB" "1/15/93" "Alabama" ""
"2713" "00-0032881" "" "Tommylee" "Lewis" "NO" "WR" "10/24/92" "Northern Illinois" ""
"2714" "00-0032882" "" "Dominique" "Tovell" "UNK" "UNK" "6/15/92" "Louisiana-Lafayette" ""
"2715" "00-0032884" "" "Jeff" "Schoettmer" "NO" "LB" "7/8/93" "North Carolina" ""
"2716" "00-0032885" "" "Ryker" "Mathews" "NO" "OT" "11/28/92" "Brigham Young" ""
"2717" "00-0032886" "" "D.J." "Pettway" "NO" "DE" "9/19/92" "Alabama" ""
"2718" "00-0028539" "J.Graves" "John" "Graves" "UNK" "UNK" "6/25/87" "Virginia Tech" ""
"2719" "00-0028538" "S.Friday" "Steven" "Friday" "UNK" "UNK" "8/9/86" "Virginia Tech" ""
"2720" "00-0028533" "M.Alexander" "Mister" "Alexander" "UNK" "UNK" "6/2/88" "Florida State" ""
"2721" "00-0028532" "J.Morgan" "Joseph" "Morgan" "UNK" "UNK" "3/23/88" "Walsh" ""
"2722" "00-0028530" "D.Larimore" "Dexter" "Larimore" "UNK" "UNK" "7/22/88" "Ohio State" ""
"2723" "00-0028537" "J.Rogers" "Jake" "Rogers" "UNK" "UNK" "5/24/87" "Cincinnati" ""
"2724" "00-0028536" "B.Braman" "Bryan" "Braman" "PHI" "LB" "5/4/87" "West Texas A&M" ""
"2725" "00-0028534" "D.Roberson" "Dwight" "Roberson" "UNK" "UNK" "12/24/87" "Oregon State" ""
"2726" "00-0026794" "K.Howard" "Kyle" "Howard" "UNK" "UNK" "5/13/86" "Wyoming" ""
"2727" "00-0029778" "D.Johnson" "Darius" "Johnson" "UNK" "UNK" "2/22/91" "Southern Methodist" ""
"2728" "00-0029779" "T.Jones" "Terren" "Jones" "UNK" "UNK" "11/19/91" "Alabama State" ""
"2729" "00-0000121" "E.Albright" "Ethan" "Albright" "UNK" "UNK" "5/1/71" "North Carolina" ""
"2730" "00-0023479" "J.Arrington" "J.J." "Arrington" "UNK" "UNK" "1/23/83" "California" ""
"2731" "00-0023478" "C.Webster" "Corey" "Webster" "UNK" "UNK" "3/2/82" "LSU" ""
"2732" "00-0001388" "D.Bly" "Dre'" "Bly" "UNK" "UNK" "5/22/77" "North Carolina" ""
"2733" "00-0022878" "A.Gordon" "Amon" "Gordon" "UNK" "UNK" "10/13/81" "Stanford" ""
"2734" "00-0022874" "J.Scobee" "Josh" "Scobee" "UNK" "UNK" "6/23/82" "Louisiana Tech" ""
"2735" "00-0022875" "J.Bell" "Jacob" "Bell" "UNK" "UNK" "3/2/81" "Miami (Ohio)" ""
"2736" "00-0026791" "R.Talley" "Ronald" "Talley" "UNK" "UNK" "2/21/86" "Delaware" ""
"2737" "00-0026790" "T.Sutton" "Tyrell" "Sutton" "UNK" "UNK" "12/19/86" "Northwestern" ""
"2738" "00-0023318" "C.White" "Chris" "White" "UNK" "UNK" "2/28/83" "Southern Mississippi" ""
"2739" "00-0029959" "C.Tinker" "Carson" "Tinker" "UNK" "UNK" "11/15/89" "Alabama" ""
"2740" "00-0029956" "" "Jordan" "Rodgers" "UNK" "UNK" "8/30/88" "Vanderbilt" ""
"2741" "00-0029957" "M.Scott" "Matt" "Scott" "UNK" "UNK" "11/9/90" "Arizona" ""
"2742" "00-0029770" "J.Bartu" "Joplo" "Bartu" "UNK" "UNK" "10/3/89" "Texas State" ""
"2743" "00-0029771" "N.Clancy" "Nick" "Clancy" "UNK" "UNK" "11/3/89" "Boston College" ""
"2744" "00-0026799" "J.Johnson" "Jeremiah" "Johnson" "UNK" "UNK" "2/15/87" "Oregon" ""
"2745" "00-0029777" "N.Huynh" "Neal" "Huynh" "UNK" "UNK" "6/22/90" "Ohio U." ""
"2746" "00-0023310" "L.Moore" "Lance" "Moore" "UNK" "UNK" "8/31/83" "Toledo" ""
"2747" "00-0031861" "" "Julian" "Howsare" "NYJ" "FB" "9/11/92" "Clarion" ""
"2748" "00-0031860" "" "Durell" "Eskridge" "ARI" "FS" "12/17/91" "Syracuse" ""
"2749" "00-0031868" "" "Damiere" "Byrd" "CAR" "WR" "1/27/93" "South Carolina" ""
"2750" "00-0024375" "C.Kuper" "Chris" "Kuper" "UNK" "UNK" "12/19/82" "North Dakota" ""
"2751" "00-0022405" "L.Polite" "Lousaka" "Polite" "UNK" "UNK" "9/14/81" "Pittsburgh" ""
"2752" "00-0026539" "L.Holmes" "Lendy" "Holmes" "UNK" "UNK" "10/26/85" "Oklahoma" ""
"2753" "00-0026538" "D.Walker" "Derek" "Walker" "UNK" "UNK" "9/16/86" "Illinois" ""
"2754" "00-0026249" "M.McGlynn" "Mike" "McGlynn" "UNK" "UNK" "3/8/85" "Pittsburgh" ""
"2755" "00-0026248" "K.Lichtensteiger" "Kory" "Lichtensteiger" "WAS" "C" "3/22/85" "Bowling Green State" ""
"2756" "00-0026531" "S.Bayes" "Shawn" "Bayes" "UNK" "UNK" "7/8/87" "Kent State" ""
"2757" "00-0026530" "K.Ingram" "Kenny" "Ingram" "UNK" "UNK" "2/27/86" "Florida State" ""
"2758" "00-0021213" "C.Baker" "Chris" "Baker" "UNK" "UNK" "11/18/79" "Michigan State" ""
"2759" "00-0026244" "B.Bell" "Beau" "Bell" "UNK" "UNK" "5/26/86" "Nevada-Las Vegas" ""
"2760" "00-0026243" "W.Hayes" "William" "Hayes" "UNK" "UNK" "5/2/85" "Winston-Salem State" ""
"2761" "00-0026534" "J.Compas" "Jonathan" "Compas" "UNK" "UNK" "1/9/86" "California-Davis" ""
"2762" "00-0026537" "E.Williams" "Edwin" "Williams" "UNK" "UNK" "12/10/86" "Maryland" ""
"2763" "00-0021216" "B.Westbrook" "Brian" "Westbrook" "UNK" "UNK" "9/2/79" "Villanova" ""
"2764" "00-0027118" "N.Davis" "Nate" "Davis" "UNK" "UNK" "5/25/87" "Ball State" ""
"2765" "00-0027119" "D.Buehler" "David" "Buehler" "UNK" "UNK" "2/5/87" "USC" ""
"2766" "00-0028122" "D.Carter" "David" "Carter" "UNK" "UNK" "12/10/87" "UCLA" ""
"2767" "00-0025522" "J.Cohen" "Joe" "Cohen" "UNK" "UNK" "6/6/84" "Florida" ""
"2768" "00-0025521" "A.Barnes" "Antwan" "Barnes" "UNK" "UNK" "10/19/84" "Florida International" ""
"2769" "00-0025520" "M.Milner" "Martrez" "Milner" "UNK" "UNK" "8/8/84" "Georgia" ""
"2770" "00-0025527" "B.McDonald" "Brandon" "McDonald" "UNK" "UNK" "8/26/85" "Memphis" ""
"2771" "00-0027114" "T.Morstead" "Thomas" "Morstead" "NO" "P" "3/8/86" "Southern Methodist" ""
"2772" "00-0027115" "C.Clemons" "Chris" "Clemons" "ARI" "DB" "9/15/85" "Clemson" ""
"2773" "00-0027116" "M.Hamlin" "Mike" "Hamlin" "UNK" "UNK" "11/21/85" "Clemson" ""
"2774" "00-0027117" "G.Bussey" "George" "Bussey" "UNK" "UNK" "10/24/84" "Louisville" ""
"2775" "00-0027110" "G.Reynolds" "Garrett" "Reynolds" "UNK" "UNK" "7/1/87" "North Carolina" ""
"2776" "00-0027111" "B.Foster" "Brooks" "Foster" "UNK" "UNK" "4/9/86" "North Carolina" ""
"2777" "00-0027112" "J.Meredith" "Jamon" "Meredith" "UNK" "UNK" "5/11/86" "South Carolina" ""
"2778" "00-0027113" "D.Robinson" "Duke" "Robinson" "UNK" "UNK" "10/10/86" "Oklahoma" ""
"2779" "00-0030240" "U.Nwachukwu" "Uzoma" "Nwachukwu" "SEA" "WR" "12/15/90" "Texas A&M" ""
"2780" "00-0030241" "" "Earl" "Okine" "IND" "LB" "1/4/90" "Florida" ""
"2781" "00-0030243" "A.Shapiro" "Andrew" "Shapiro" "UNK" "UNK" "9/4/90" "Fresno State" ""
"2782" "00-0030245" "J.Starling" "Jawanza" "Starling" "UNK" "UNK" "6/21/91" "USC" ""
"2783" "00-0030246" "J.Tuggle" "Justin" "Tuggle" "CLE" "LB" "1/4/90" "Kansas State" ""
"2784" "00-0030247" "G.Winn" "George" "Winn" "DET" "RB" "11/10/90" "Cincinnati" ""
"2785" "00-0030248" "C.Wood" "Cierre" "Wood" "UNK" "UNK" "2/21/91" "Notre Dame" ""
"2786" "00-0022897" "G.Jones" "Greg" "Jones" "UNK" "UNK" "5/9/81" "Florida State" ""
"2787" "00-0022894" "T.LaBoy" "Travis" "LaBoy" "UNK" "UNK" "8/20/81" "Hawaii" ""
"2788" "00-0022895" "J.Smiley" "Justin" "Smiley" "UNK" "UNK" "11/11/81" "Alabama" ""
"2789" "00-0022890" "V.Carey" "Vernon" "Carey" "UNK" "UNK" "7/31/81" "Miami (Fla.)" ""
"2790" "00-0019188" "J.Snow" "Justin" "Snow" "UNK" "UNK" "12/21/76" "Baylor" ""
"2791" "00-0018584" "B.Waters" "Brian" "Waters" "UNK" "UNK" "2/18/77" "North Texas" ""
"2792" "00-0031260" "L.Thomas" "Logan" "Thomas" "NYG" "QB" "7/1/91" "Virginia Tech" ""
"2793" "00-0031263" "A.Williamson" "Avery" "Williamson" "TEN" "ILB" "3/9/92" "Kentucky" ""
"2794" "00-0031262" "B.Benwikere" "Bene'" "Benwikere" "CAR" "CB" "9/3/91" "San Jose State" ""
"2795" "00-0031264" "C.Smith" "Chris" "Smith" "UNK" "UNK" "2/11/92" "Arkansas" ""
"2796" "00-0023945" "R.Brown" "Ricky" "Brown" "UNK" "UNK" "12/27/83" "Boston College" ""
"2797" "00-0031266" "Z.Mettenberger" "Zach" "Mettenberger" "PIT" "QB" "7/16/91" "LSU" ""
"2798" "00-0032078" "" "Tyreek" "Burwell" "SD" "T" "3/11/92" "Cincinnati" ""
"2799" "00-0019986" "J.Parker" "Juqua" "Parker" "UNK" "UNK" "5/15/78" "Oklahoma State" ""
"2800" "00-0032071" "" "Trent" "Brown" "SF" "OT" "4/13/93" "Florida" ""
"2801" "00-0032070" "" "Dezmin" "Lewis" "BUF" "WR" "12/5/92" "Central Arkansas" ""
"2802" "00-0032073" "" "Jake" "Heaps" "SEA" "QB" "6/19/91" "Miami (Fla.)" ""
"2803" "00-0032072" "" "Rory" "Anderson" "UNK" "UNK" "10/2/92" "South Carolina" ""
"2804" "00-0032074" "" "Chi Chi" "Ariguzo" "UNK" "UNK" "6/23/92" "Northwestern" ""
"2805" "00-0023195" "T.Johnson" "Thomas" "Johnson" "UNK" "UNK" "6/24/81" "Middle Tennessee State" ""
"2806" "00-0029135" "" "Joe" "Long" "UNK" "UNK" "7/27/89" "Wayne State (Mich.)" ""
"2807" "00-0030685" "S.Houston" "Stephen" "Houston" "BAL" "RB" "10/28/91" "Indiana" ""
"2808" "00-0030020" "B.Trawick" "Brynden" "Trawick" "OAK" "DB" "10/23/89" "Troy" ""
"2809" "00-0026739" "J.Norwood" "Jordan" "Norwood" "DEN" "WR" "9/28/86" "Penn State" ""
"2810" "00-0026738" "N.Ness" "Nate" "Ness" "UNK" "UNK" "9/5/86" "Arizona" ""
"2811" "00-0022278" "R.Boschetti" "Ryan" "Boschetti" "UNK" "UNK" "10/7/81" "UCLA" ""
"2812" "00-0022277" "J.Standeford" "John" "Standeford" "UNK" "UNK" "4/15/82" "Purdue" ""
"2813" "00-0004541" "D.Driver" "Donald" "Driver" "UNK" "UNK" "2/2/75" "Alcorn State" ""
"2814" "00-0021064" "T.Wragge" "Tony" "Wragge" "UNK" "UNK" "8/14/79" "New Mexico State" ""
"2815" "00-0032076" "" "Ben" "Beckwith" "UNK" "UNK" "12/27/91" "Mississippi State" ""
"2816" "00-0026944" "C.Munnerlyn" "Captain" "Munnerlyn" "MIN" "CB" "4/10/88" "South Carolina" ""
"2817" "00-0026515" "T.Carter" "Tony" "Carter" "NO" "DB" "5/24/86" "Florida State" ""
"2818" "00-0026946" "B.Jones" "Brad" "Jones" "UNK" "UNK" "4/1/86" "Colorado" ""
"2819" "00-0026947" "E.Williams" "Eddie" "Williams" "UNK" "UNK" "8/22/87" "Idaho" ""
"2820" "00-0028230" "A.Weber" "Adam" "Weber" "UNK" "UNK" "8/3/87" "Minnesota" ""
"2821" "00-0028231" "C.Whitlock" "Colby" "Whitlock" "UNK" "UNK" "8/28/88" "Texas Tech" ""
"2822" "00-0028232" "M.Williams" "Marshall" "Williams" "UNK" "UNK" "2/15/88" "Wake Forest" ""
"2823" "00-0028234" "T.Beiler" "Tyler" "Beiler" "UNK" "UNK" "11/14/88" "Bridgewater College" ""
"2824" "00-0028237" "C.Hogan" "Chris" "Hogan" "NE" "WR" "10/24/88" "Monmouth (N.J.)" ""
"2825" "00-0028238" "K.Reuland" "Konrad" "Reuland" "UNK" "UNK" "4/4/87" "Stanford" ""
"2826" "00-0021955" "D.Klecko" "Dan" "Klecko" "UNK" "UNK" "1/12/81" "Temple" ""
"2827" "00-0026948" "T.Nolan" "Troy" "Nolan" "UNK" "UNK" "9/7/86" "Arizona State" ""
"2828" "00-0030108" "R.Griffin" "Ryan" "Griffin" "HOU" "TE" "1/11/90" "Connecticut" ""
"2829" "00-0026949" "B.Schlueter" "Blake" "Schlueter" "UNK" "UNK" "4/22/86" "Texas Christian" ""
"2830" "00-0024353" "Q.Ojinnaka" "Quinn" "Ojinnaka" "UNK" "UNK" "4/23/84" "Syracuse" ""
"2831" "00-0025843" "D.Strong" "Darrell" "Strong" "UNK" "UNK" "5/21/86" "Pittsburgh" ""
"2832" "00-0031678" "" "Damian" "Parms" "ATL" "DB" "10/28/92" "Florida Atlantic" ""
"2833" "00-0024352" "P.Watkins" "Pat" "Watkins" "UNK" "UNK" "12/18/82" "Florida State" ""
"2834" "00-0031676" "" "Joey" "Mbu" "ATL" "DT" "3/28/93" "Houston" ""
"2835" "00-0031673" "" "Mike" "Lee" "UNK" "UNK" "6/26/91" "Fort Valley State" ""
"2836" "00-0031671" "" "Beau" "Gardner" "UNK" "UNK" "12/27/89" "Northern Arizona" ""
"2837" "00-0030104" "N.Palmer" "Nate" "Palmer" "TEN" "LB" "9/23/89" "Illinois State" ""
"2838" "00-0017200" "K.Warner" "Kurt" "Warner" "UNK" "UNK" "6/22/71" "Northern Iowa" ""
"2839" "00-0029764" "C.Davis" "Cody" "Davis" "UNK" "UNK" "6/6/89" "Texas Tech" ""
"2840" "00-0029627" "J.Crawford" "Jack" "Crawford" "DAL" "DE" "9/7/88" "Penn State" ""
"2841" "00-0031368" "" "Deon" "Anthony" "UNK" "UNK" "10/4/90" "Troy" ""
"2842" "00-0031369" "" "Brandon" "Linder" "UNK" "UNK" "1/25/92" "Miami (Fla.)" ""
"2843" "00-0029767" "R.Steeples" "Robert" "Steeples" "UNK" "UNK" "11/27/89" "Memphis" ""
"2844" "00-0023806" "D.Dorsey" "DeDe" "Dorsey" "UNK" "UNK" "8/1/84" "Lindenwood" ""
"2845" "00-0023807" "J.Busing" "John" "Busing" "UNK" "UNK" "9/1/83" "Miami (Ohio)" ""
"2846" "00-0031366" "D.Bucannon" "Deone" "Bucannon" "ARI" "OLB" "8/30/92" "Washington State" ""
"2847" "00-0031367" "" "Gabe" "Jackson" "OAK" "G" "7/12/91" "Mississippi State" ""
"2848" "00-0031360" "K.Van Noy" "Kyle" "Van Noy" "DET" "OLB" "6/19/90" "Brigham Young" ""
"2849" "00-0021488" "M.McBriar" "Mat" "McBriar" "UNK" "UNK" "7/8/79" "Hawaii" ""
"2850" "00-0030102" "D.Holloman" "DeVonte" "Holloman" "UNK" "UNK" "2/12/91" "South Carolina" ""
"2851" "00-0025848" "R.Lewis" "Roy" "Lewis" "UNK" "UNK" "5/19/85" "Washington" ""
"2852" "00-0030101" "R.Johnson" "Rufus" "Johnson" "NE" "LB" "8/28/90" "Tarleton State" ""
"2853" "00-0024354" "P.Haralson" "Parys" "Haralson" "UNK" "UNK" "1/24/84" "Tennessee" ""
"2854" "00-0028940" "L.Scott" "Laron" "Scott" "UNK" "UNK" "7/12/87" "Georgia Southern" ""
"2855" "00-0028941" "J.Franklin" "Jerry" "Franklin" "UNK" "UNK" "1/10/88" "Arkansas" ""
"2856" "00-0028498" "R.Coleman" "Rajric" "Coleman" "UNK" "UNK" "7/13/89" "Utah State" ""
"2857" "00-0028944" "W.Tribue" "Wayne" "Tribue" "UNK" "UNK" "4/30/90" "Temple" ""
"2858" "00-0028945" "A.Wuebbels" "Austin" "Wuebbels" "UNK" "UNK" "10/27/88" "Missouri" ""
"2859" "00-0028494" "J.Tarrant" "Jerrard" "Tarrant" "UNK" "UNK" "5/29/89" "Georgia Tech" ""
"2860" "00-0028495" "J.Trattou" "Justin" "Trattou" "MIN" "DE" "8/28/88" "Florida" ""
"2861" "00-0028496" "D.Aiken" "Danny" "Aiken" "UNK" "UNK" "8/28/88" "Virginia" ""
"2862" "00-0028497" "K.Aiken" "Kamar" "Aiken" "BAL" "WR" "5/30/89" "Central Florida" ""
"2863" "00-0028490" "D.Simmons" "Derek" "Simmons" "UNK" "UNK" "2/16/88" "USC" ""
"2864" "00-0028492" "H.Hynoski" "Henry" "Hynoski" "UNK" "UNK" "12/30/88" "Pittsburgh" ""
"2865" "00-0028493" "D.Sims" "David" "Sims" "UNK" "UNK" "10/20/86" "Iowa State" ""
"2866" "00-0023404" "A.Bigby" "Atari" "Bigby" "UNK" "UNK" "9/19/81" "Central Florida" ""
"2867" "00-0023405" "A.Elam" "Abram" "Elam" "UNK" "UNK" "10/15/81" "Kent State" ""
"2868" "00-0029017" "E.Whitley" "Eddie" "Whitley" "UNK" "UNK" "10/26/89" "Virginia Tech" ""
"2869" "00-0029016" "A.Whiteside" "Aston" "Whiteside" "UNK" "UNK" "5/19/89" "Abilene Christian" ""
"2870" "00-0029543" "D.Stephenson" "Donald" "Stephenson" "DEN" "OT" "9/30/88" "Oklahoma" ""
"2871" "00-0026609" "G.Hypolite" "George" "Hypolite" "UNK" "UNK" "8/1/87" "Colorado" ""
"2872" "00-0029404" "R.Van Bergen" "Ryan Van" "Bergen" "UNK" "UNK" "3/18/89" "Michigan" ""
"2873" "00-0029406" "B.Hannula" "Ben" "Hannula" "UNK" "UNK" "10/13/85" "San Diego" ""
"2874" "00-0029407" "W.Hill" "Will" "Hill" "UNK" "UNK" "3/7/90" "Florida" ""
"2875" "00-0029014" "L.Smith" "Lionel" "Smith" "UNK" "UNK" "8/18/87" "Texas A&M" ""
"2876" "00-0029545" "K.Robinson" "Keenan" "Robinson" "NYG" "LB" "7/7/89" "Texas" ""
"2877" "00-0029544" "Mi.Martin" "Mike" "Martin" "UNK" "UNK" "9/1/90" "Michigan" ""
"2878" "00-0029547" "V.Ballard" "Vick" "Ballard" "UNK" "UNK" "7/16/90" "Mississippi State" ""
"2879" "00-0029010" "R.Leary" "Ronald" "Leary" "DAL" "G" "4/29/89" "Memphis" ""
"2880" "00-0029549" "" "Justin" "Anderson" "UNK" "UNK" "4/15/88" "Georgia" ""
"2881" "00-0029548" "L.Brazill" "LaVon" "Brazill" "UNK" "UNK" "3/15/89" "Ohio U." ""
"2882" "00-0025453" "U.Young" "Usama" "Young" "UNK" "UNK" "5/8/85" "Kent State" ""
"2883" "00-0025452" "Q.Moses" "Quentin" "Moses" "UNK" "UNK" "11/18/83" "Georgia" ""
"2884" "00-0025451" "S.Piscitelli" "Sabby" "Piscitelli" "UNK" "UNK" "8/24/83" "Oregon State" ""
"2885" "00-0025450" "B.Jackson" "Brandon" "Jackson" "UNK" "UNK" "10/2/85" "Nebraska" ""
"2886" "00-0025457" "R.Harris" "Ryan" "Harris" "PIT" "T" "3/11/85" "Notre Dame" ""
"2887" "00-0025456" "B.Davis" "Buster" "Davis" "UNK" "UNK" "10/20/83" "Florida State" ""
"2888" "00-0025455" "Q.Black" "Quincy" "Black" "UNK" "UNK" "2/28/84" "New Mexico" ""
"2889" "00-0025454" "J.Marten" "James" "Marten" "UNK" "UNK" "4/18/84" "Boston College" ""
"2890" "00-0025459" "M.McCauley" "Marcus" "McCauley" "UNK" "UNK" "9/3/83" "Fresno State" ""
"2891" "00-0025458" "L.Booker" "Lorenzo" "Booker" "UNK" "UNK" "6/14/84" "Florida State" ""
"2892" "00-0023255" "M.Wright" "Mike" "Wright" "UNK" "UNK" "3/1/82" "Cincinnati" ""
"2893" "00-0029894" "" "Kapron" "Lewis-Moore" "BAL" "DE" "1/24/90" "Notre Dame" ""
"2894" "00-0029893" "R.Wagner" "Ricky" "Wagner" "BAL" "T" "10/21/89" "Wisconsin" ""
"2895" "00-0030890" "" "Kelvin" "Palmer" "TB" "T" "10/23/90" "Baylor" ""
"2896" "00-0023251" "K.Eckel" "Kyle" "Eckel" "UNK" "UNK" "12/30/81" "Navy" ""
"2897" "00-0030815" "T.Zimmerman" "Ty" "Zimmerman" "UNK" "UNK" "6/23/90" "Kansas State" ""
"2898" "00-0030814" "" "Pierre" "Warren" "UNK" "UNK" "8/16/92" "Jacksonville State" ""
"2899" "00-0030817" "T.Cobb" "Terrance" "Cobb" "UNK" "UNK" "4/18/90" "Cumberland College" ""
"2900" "00-0029890" "M.Purcell" "Mike" "Purcell" "SF" "NT" "4/20/91" "Wyoming" ""
"2901" "00-0030811" "G.Uko" "George" "Uko" "UNK" "UNK" "2/11/92" "USC" ""
"2902" "00-0029679" "B.Brooks" "Brandon" "Brooks" "PHI" "G" "8/19/89" "Miami (Ohio)" ""
"2903" "00-0032490" "" "Jake" "Coker" "UNK" "UNK" "9/22/92" "Alabama" ""
"2904" "00-0032497" "" "Reid" "Ferguson" "UNK" "UNK" "3/24/94" "LSU" ""
"2905" "00-0033137" "" "Eric" "Wallace" "CAR" "TE" "12/13/88" "Seattle" ""
"2906" "00-0033136" "" "Kyler" "Kerbyson" "TB" "OT" "7/7/93" "Tennessee" ""
"2907" "00-0033135" "" "Mandel" "Dixon" "UNK" "UNK" "4/21/93" "Tulsa" ""
"2908" "00-0033134" "" "Ra'Zahn" "Howard" "UNK" "UNK" "8/8/94" "Purdue" ""
"2909" "00-0033133" "" "Warren" "Gatewood" "GB" "DB" "3/30/94" "Alcorn State" ""
"2910" "00-0033132" "" "Kevin" "Byard" "TEN" "SAF" "8/17/93" "Middle Tennessee State" ""
"2911" "00-0031118" "C.Brown" "Corey" "Brown" "CAR" "WR" "12/16/91" "Ohio State" ""
"2912" "00-0031113" "" "William" "Poehls" "TEN" "T" "11/27/91" "Montana" ""
"2913" "00-0031112" "T.Coons" "Travis" "Coons" "UNK" "UNK" "2/6/92" "Washington" ""
"2914" "00-0031110" "" "Tanner" "Miller" "UNK" "UNK" "12/15/91" "Iowa" ""
"2915" "00-0031117" "" "Denicos" "Allen" "UNK" "UNK" "8/9/90" "Michigan State" ""
"2916" "00-0031116" "G.Ducre" "Greg" "Ducre" "UNK" "UNK" "1/22/92" "Washington" ""
"2917" "00-0031115" "" "D.J." "Adams" "UNK" "UNK" "9/27/90" "Portland State" ""
"2918" "00-0033131" "" "Maliek" "Collins" "DAL" "DT" "4/8/95" "Nebraska" ""
"2919" "00-0033130" "" "Max" "Tuerk" "SD" "C" "1/27/94" "USC" ""
"2920" "00-0032494" "" "Danny" "Dillon" "UNK" "UNK" "5/3/93" "Campbell" ""
"2921" "00-0033139" "" "Joel" "Hale" "UNK" "UNK" "6/8/92" "Ohio State" ""
"2922" "00-0027945" "A.Smith" "Aldon" "Smith" "OAK" "OLB" "9/25/89" "Missouri" ""
"2923" "00-0032946" "" "De'Vante" "Harris" "NO" "CB" "6/30/93" "Texas A&M" ""
"2924" "00-0027943" "P.Peterson" "Patrick" "Peterson" "ARI" "CB" "7/11/90" "LSU" ""
"2925" "00-0032940" "" "DeAndre" "Washington" "OAK" "RB" "2/22/93" "Texas Tech" ""
"2926" "00-0027941" "M.Dareus" "Marcell" "Dareus" "BUF" "DT" "11/18/89" "Alabama" ""
"2927" "00-0027940" "V.Miller" "Von" "Miller" "DEN" "OLB" "3/26/89" "Texas A&M" ""
"2928" "00-0027322" "D.Nelson" "David" "Nelson" "UNK" "UNK" "11/7/86" "Florida" ""
"2929" "00-0027321" "J.Cumberland" "Jeff" "Cumberland" "SD" "TE" "5/2/87" "Illinois" ""
"2930" "00-0027327" "N.Howell" "Nick" "Howell" "UNK" "UNK" "10/10/86" "USC" ""
"2931" "00-0027325" "L.Blount" "LeGarrette" "Blount" "NE" "RB" "12/5/86" "Oregon" ""
"2932" "00-0020805" "J.McKie" "Jason" "McKie" "UNK" "UNK" "5/22/80" "Temple" ""
"2933" "00-0020804" "C.McIntyre" "Corey" "McIntyre" "UNK" "UNK" "1/25/79" "West Virginia" ""
"2934" "00-0025871" "B.Rodd" "Brandon" "Rodd" "UNK" "UNK" "11/1/85" "Arizona State" ""
"2935" "00-0017638" "C.Wiegmann" "Casey" "Wiegmann" "UNK" "UNK" "7/20/73" "Iowa" ""
"2936" "00-0020801" "A.Hicks" "Artis" "Hicks" "UNK" "UNK" "11/28/78" "Memphis" ""
"2937" "00-0025872" "K.DeVan" "Kyle" "DeVan" "UNK" "UNK" "2/10/85" "Oregon State" ""
"2938" "00-0031074" "J.Pagan" "Jeoffrey" "Pagan" "UNK" "UNK" "6/10/93" "Alabama" ""
"2939" "00-0031075" "A.Blue" "Alfred" "Blue" "HOU" "RB" "4/27/91" "LSU" ""
"2940" "00-0031076" "D.Fales" "David" "Fales" "CHI" "QB" "10/4/90" "San Jose State" ""
"2941" "00-0031077" "K.James" "Kendall" "James" "UNK" "UNK" "6/29/91" "Maine" ""
"2942" "00-0031070" "N.Berhe" "Nat" "Berhe" "NYG" "SS" "7/6/91" "San Diego State" ""
"2943" "00-0031071" "C.Reid" "Caraun" "Reid" "DET" "DT" "11/23/91" "Princeton" ""
"2944" "00-0031072" "V.Sunseri" "Vinnie" "Sunseri" "NE" "DB" "10/25/91" "Alabama" ""
"2945" "00-0031073" "R.Powell" "Ronald" "Powell" "UNK" "UNK" "5/14/91" "Florida" ""
"2946" "00-0031078" "L.Seastrunk" "Lache" "Seastrunk" "UNK" "UNK" "7/29/91" "Baylor" ""
"2947" "00-0031079" "P.O'Donnell" "Pat" "O'Donnell" "CHI" "P" "2/22/91" "Miami (Fla.)" ""
"2948" "00-0032664" "" "Don" "Cherry" "PHI" "LB" "9/27/94" "Villanova" ""
"2949" "00-0032665" "" "Derek" "Keaton" "UNK" "UNK" "4/10/94" "Georgia Southern" ""
"2950" "00-0029765" "G.Goebel" "Garrett" "Goebel" "UNK" "UNK" "3/11/89" "Ohio State" ""
"2951" "00-0028728" "S.Skelton" "Steve" "Skelton" "UNK" "UNK" "8/6/89" "Fordham" ""
"2952" "00-0031365" "" "Ryan" "Shazier" "PIT" "ILB" "9/6/92" "Ohio State" ""
"2953" "00-0028725" "B.Nnabuife" "Bryant" "Nnabuife" "UNK" "UNK" "12/29/88" "California" ""
"2954" "00-0028722" "R.Lumpkin" "Ricky" "Lumpkin" "UNK" "UNK" "9/7/88" "Kentucky" ""
"2955" "00-0028720" "S.Jeffcoat" "Sean" "Jeffcoat" "UNK" "UNK" "7/10/89" "Elon" ""
"2956" "00-0032666" "" "John" "Kling" "UNK" "UNK" "7/9/93" "Buffalo" ""
"2957" "00-0032667" "" "Roy" "Robertson-Harris" "UNK" "UNK" "7/23/93" "Texas-El Paso" ""
"2958" "00-0032660" "" "Brandin" "Bryant" "SEA" "DT" "9/16/93" "Florida Atlantic" ""
"2959" "00-0032661" "" "Ben" "Braunecker" "CHI" "TE" "2/7/94" "Harvard" ""
"2960" "00-0032662" "" "Dan" "Buchholz" "UNK" "UNK" "8/3/93" "Duquesne" ""
"2961" "00-0032663" "" "Taveze" "Calhoun" "CHI" "CB" "12/26/92" "Mississippi State" ""
"2962" "00-0032668" "" "Joe" "Sommers" "SEA" "TE" "3/3/93" "Wis.-Oshkosh" ""
"2963" "00-0031388" "" "Aaron" "Donald" "UNK" "UNK" "5/23/91" "Pittsburgh" ""
"2964" "00-0031389" "L.Joyner" "Lamarcus" "Joyner" "UNK" "UNK" "11/27/90" "Florida State" ""
"2965" "00-0031386" "" "Greg" "Robinson" "UNK" "UNK" "10/21/92" "Auburn" ""
"2966" "00-0031387" "E.Ebron" "Eric" "Ebron" "DET" "TE" "4/10/93" "North Carolina" ""
"2967" "00-0031384" "R.Rodgers" "Richard" "Rodgers" "GB" "TE" "1/22/92" "California" ""
"2968" "00-0031385" "S.Castillo" "Sergio" "Castillo" "UNK" "UNK" "11/1/90" "West Texas A&M" ""
"2969" "00-0031382" "J.Landry" "Jarvis" "Landry" "MIA" "WR" "11/28/92" "LSU" ""
"2970" "00-0031383" "" "Dezmen" "Southward" "IND" "FS" "10/1/90" "Wisconsin" ""
"2971" "00-0031380" "D.Dennard" "Darqueze" "Dennard" "CIN" "CB" "10/10/91" "Michigan State" ""
"2972" "00-0031381" "D.Adams" "Davante" "Adams" "GB" "WR" "12/24/92" "Fresno State" ""
"2973" "00-0000045" "F.Adams" "Flozell" "Adams" "UNK" "UNK" "5/18/75" "Michigan State" ""
"2974" "00-0018351" "R.Wynn" "Renaldo" "Wynn" "UNK" "UNK" "9/3/74" "Notre Dame" ""
"2975" "00-0006915" "A.Harris" "Al" "Harris" "UNK" "UNK" "12/7/74" "Texas A&M" " - Kingsville"
"2976" "00-0013126" "J.Porter" "Joey" "Porter" "UNK" "UNK" "3/22/77" "Colorado State" ""
"2977" "00-0030385" "G.Hodges" "Gerald" "Hodges" "SF" "ILB" "1/17/91" "Penn State" ""
"2978" "00-0030384" "J.Jenkins" "Jelani" "Jenkins" "MIA" "OLB" "3/13/92" "Florida" ""
"2979" "00-0030387" "S.Means" "Steven" "Means" "PHI" "DE" "9/16/90" "Buffalo" ""
"2980" "00-0030388" "J.Randle" "Joseph" "Randle" "UNK" "UNK" "12/29/91" "Oklahoma State" ""
"2981" "00-0024008" "Q.Butler" "Quincy" "Butler" "UNK" "UNK" "11/25/83" "Texas Christian" ""
"2982" "00-0030039" "K.Gaskins" "Kendall" "Gaskins" "UNK" "UNK" "11/4/90" "Richmond" ""
"2983" "00-0030037" "J.Griggs" "J.D." "Griggs" "UNK" "UNK" "11/5/90" "Akron" ""
"2984" "00-0030036" "D.Eskridge" "De'Leon" "Eskridge" "UNK" "UNK" "12/19/89" "San Jose State" ""
"2985" "00-0030035" "A.Thielen" "Adam" "Thielen" "MIN" "WR" "8/22/90" "Minnesota State" ""
"2986" "00-0030034" "C.Jacobs" "Chuck" "Jacobs" "UNK" "UNK" "5/11/90" "Utah State" ""
"2987" "00-0030033" "T.Garvin" "Terence" "Garvin" "WAS" "LB" "1/1/91" "West Virginia" ""
"2988" "00-0029942" "" "Marcus" "Burley" "SEA" "DB" "7/16/90" "Delaware" ""
"2989" "00-0027949" "J.Watt" "J.J." "Watt" "HOU" "DE" "3/22/89" "Wisconsin" ""
"2990" "00-0031948" "" "Ryan" "Russell" "DAL" "DE" "1/17/92" "Purdue" ""
"2991" "00-0031949" "" "Damian" "Swann" "NO" "CB" "12/4/92" "Georgia" ""
"2992" "00-0031940" "" "Geneo" "Grissom" "NE" "OLB" "6/4/92" "Oklahoma" ""
"2993" "00-0030032" "K.Glaud" "Ka'Lial" "Glaud" "UNK" "UNK" "11/9/90" "Rutgers" ""
"2994" "00-0030031" "C.Denton" "Chris" "Denton" "UNK" "UNK" "8/28/91" "Mount Union" ""
"2995" "00-0030030" "" "Jace" "Daniels" "UNK" "UNK" "3/6/90" "Northern Michigan" ""
"2996" "00-0028515" "A.Robinson" "Alexander" "Robinson" "UNK" "UNK" "5/7/88" "Iowa State" ""
"2997" "00-0032860" "" "Mehdi" "Abdesmad" "TEN" "DE" "9/28/91" "Boston College" ""
"2998" "00-0032861" "" "Lamarcus" "Brutus" "UNK" "UNK" "2/10/93" "Florida State" ""
"2999" "00-0032867" "" "Tyler" "Marz" "TEN" "OT" "9/9/92" "Wisconsin" ""
"3000" "00-0032864" "" "Alex" "Ellis" "TEN" "TE" "2/10/93" "Tennessee" ""
"3001" "00-0032865" "" "Iosia" "Iosia" "UNK" "UNK" "12/28/91" "West Texas A&M" ""
"3002" "00-0032868" "" "Ishaq" "Williams" "NYG" "DE" "2/22/93" "Notre Dame" ""
"3003" "00-0032869" "" "Nick" "Ritcher" "UNK" "UNK" "12/1/92" "Richmond" ""
"3004" "00-0028009" "D.Murray" "DeMarco" "Murray" "TEN" "RB" "2/12/88" "Oklahoma" ""
"3005" "00-0028008" "J.Houston" "Justin" "Houston" "KC" "OLB" "1/12/89" "Georgia" ""
"3006" "00-0028555" "S.Franklin" "Stephen" "Franklin" "UNK" "UNK" "9/26/88" "Southern Illinois" ""
"3007" "00-0028554" "D.Evans" "DeQuin" "Evans" "UNK" "UNK" "5/17/87" "Kentucky" ""
"3008" "00-0028005" "N.Irving" "Nate" "Irving" "IND" "ILB" "7/12/88" "North Carolina State" ""
"3009" "00-0028556" "J.Holland" "Jamere" "Holland" "UNK" "UNK" "3/6/88" "Lindenwood" ""
"3010" "00-0028551" "L.Cox" "Landon" "Cox" "UNK" "UNK" "6/19/89" "Northern Illinois" ""
"3011" "00-0028002" "R.Cobb" "Randall" "Cobb" "GB" "WR" "8/22/90" "Kentucky" ""
"3012" "00-0028001" "M.Gilbert" "Marcus" "Gilbert" "PIT" "T" "2/15/88" "Florida" ""
"3013" "00-0028000" "D.Thomas" "Daniel" "Thomas" "MIA" "RB" "10/29/87" "Kansas State" ""
"3014" "00-0029970" "M.Clay" "Michael" "Clay" "UNK" "UNK" "8/30/91" "Oregon" ""
"3015" "00-0029203" "D.Molk" "David" "Molk" "UNK" "UNK" "12/15/88" "Michigan" ""
"3016" "00-0029972" "A.Francis" "A.J." "Francis" "TB" "DT" "5/7/90" "Maryland" ""
"3017" "00-0029201" "S.Richardson" "Sean" "Richardson" "UNK" "UNK" "1/21/90" "Vanderbilt" ""
"3018" "00-0029974" "K.Johnson" "Keelan" "Johnson" "UNK" "UNK" "9/26/89" "Arizona State" ""
"3019" "00-0029207" "J.Nelson" "Jerico" "Nelson" "UNK" "UNK" "9/19/89" "Arkansas" ""
"3020" "00-0029204" "T.Clemons" "Toney" "Clemons" "UNK" "UNK" "10/11/88" "Colorado" ""
"3021" "00-0029977" "" "Cameron" "Marshall" "UNK" "UNK" "10/14/91" "Arizona State" ""
"3022" "00-0029754" "S.Johnson" "Shelton" "Johnson" "UNK" "UNK" "7/16/90" "Wisconsin" ""
"3023" "00-0029979" "T.Okpalaugo" "Tristan" "Okpalaugo" "ARI" "LB" "10/10/89" "Fresno State" ""
"3024" "00-0029208" "T.Walker" "Tyrunn" "Walker" "DET" "DT" "3/18/90" "Tulsa" ""
"3025" "00-0029209" "R.Broyles" "Ryan" "Broyles" "UNK" "UNK" "4/9/88" "Oklahoma" ""
"3026" "00-0029750" "B.Boyko" "Billy" "Boyko" "UNK" "UNK" "8/3/91" "Lehigh" ""
"3027" "00-0029752" "" "Bobby" "Cowan" "UNK" "UNK" "3/5/90" "Idaho" ""
"3028" "00-0023539" "T.Daniels" "Travis" "Daniels" "UNK" "UNK" "9/8/82" "LSU" ""
"3029" "00-0031308" "" "Kevin" "Pierre-Louis" "SEA" "OLB" "10/7/91" "Boston College" ""
"3030" "00-0031309" "T.Smith" "Telvin" "Smith" "UNK" "UNK" "4/11/91" "Florida State" ""
"3031" "00-0031774" "" "Cameron" "Clear" "UNK" "UNK" "2/25/93" "Texas A&M" ""
"3032" "00-0031773" "" "Julian" "Wilson" "BAL" "CB" "10/25/91" "Oklahoma" ""
"3033" "00-0031772" "" "Cam" "Worthy" "UNK" "UNK" "4/6/92" "East Carolina" ""
"3034" "00-0031771" "" "De'Ondre" "Wesley" "BAL" "T" "7/28/92" "Brigham Young" ""
"3035" "00-0026838" "P.Hill" "P.J." "Hill" "UNK" "UNK" "1/3/87" "Wisconsin" ""
"3036" "00-0026839" "J.Parnell" "Jermey" "Parnell" "UNK" "UNK" "7/20/86" "Mississippi" ""
"3037" "00-0026835" "R.Jones" "Reggie" "Jones" "UNK" "UNK" "3/15/86" "Portland State" ""
"3038" "00-0026837" "D.Gorrer" "Danny" "Gorrer" "UNK" "UNK" "6/1/86" "Texas A&M" ""
"3039" "00-0026830" "D.Nixon" "David" "Nixon" "UNK" "UNK" "3/16/85" "Brigham Young" ""
"3040" "00-0031806" "M.Brown" "Malcolm" "Brown" "UNK" "UNK" "5/15/93" "Texas" ""
"3041" "00-0031801" "" "Jordan" "Leslie" "UNK" "UNK" "10/31/91" "Brigham Young" ""
"3042" "00-0031800" "" "Taylor" "Heinicke" "MIN" "QB" "3/15/93" "Old Dominion" ""
"3043" "00-0031803" "" "Blake" "Renaud" "MIN" "RB" "10/6/92" "Boise State" ""
"3044" "00-0032545" "" "Darien" "Harris" "UNK" "UNK" "3/31/93" "Michigan State" ""
"3045" "00-0032544" "" "Antwane" "Grant" "UNK" "UNK" "8/14/92" "Western Kentucky" ""
"3046" "00-0021182" "M.Morris" "Maurice" "Morris" "UNK" "UNK" "12/1/79" "Oregon" ""
"3047" "00-0021184" "L.Betts" "Ladell" "Betts" "UNK" "UNK" "8/27/79" "Iowa" ""
"3048" "00-0024648" "De.Robinson" "DelJuan" "Robinson" "UNK" "UNK" "7/1/84" "Mississippi State" ""
"3049" "00-0033098" "" "Cardale" "Jones" "BUF" "QB" "9/29/92" "Ohio State" ""
"3050" "00-0033099" "" "Paul" "Lang" "PIT" "TE" "5/24/92" "Michigan State" ""
"3051" "00-0022421" "R.Martin" "Ruvell" "Martin" "UNK" "UNK" "8/10/82" "Saginaw Valley State" ""
"3052" "00-0022427" "W.Welker" "Wes" "Welker" "UNK" "UNK" "5/1/81" "Texas Tech" ""
"3053" "00-0033090" "" "Hunter" "Henry" "SD" "TE" "12/7/94" "Arkansas" ""
"3054" "00-0033091" "" "KeiVarae" "Russell" "KC" "CB" "10/19/93" "Notre Dame" ""
"3055" "00-0033092" "" "Reece" "Horn" "UNK" "UNK" "2/1/93" "Indianapolis" ""
"3056" "00-0033093" "" "Jonathan" "Bullard" "CHI" "DT" "10/22/93" "Florida" ""
"3057" "00-0033094" "" "Marvin" "Hall" "OAK" "WR" "4/10/93" "Washington" ""
"3058" "00-0033095" "" "Garrett" "Griffin" "NO" "TE" "3/4/94" "Air Force" ""
"3059" "00-0033096" "" "Shaq" "Lawson" "BUF" "DE" "6/17/94" "Clemson" ""
"3060" "00-0033097" "" "Shon" "Coleman" "CLE" "OT" "11/25/91" "Auburn" ""
"3061" "00-0027535" "M.Hamilton" "Marquis" "Hamilton" "UNK" "UNK" "6/18/87" "Iowa State" ""
"3062" "00-0026482" "S.Simmons" "Shane" "Simmons" "UNK" "UNK" "8/9/85" "Western Washington" ""
"3063" "00-0030424" "M.Goodman" "Malliciah" "Goodman" "ATL" "DE" "1/4/90" "Clemson" ""
"3064" "00-0030425" "S.Maponga" "Stansly" "Maponga" "NYG" "DE" "3/5/91" "Texas Christian" ""
"3065" "00-0030428" "Z.Motta" "Zeke" "Motta" "UNK" "UNK" "5/14/90" "Notre Dame" ""
"3066" "00-0026513" "M.Branson" "Marquez" "Branson" "UNK" "UNK" "2/14/87" "Central Arkansas" ""
"3067" "00-0026512" "C.Baker" "Chris" "Baker" "WAS" "DE" "10/8/87" "Hampton" ""
"3068" "00-0026511" "B.Christopher" "Brock" "Christopher" "UNK" "UNK" "9/11/86" "Missouri" ""
"3069" "00-0021230" "D.Thornton" "David" "Thornton" "UNK" "UNK" "11/1/78" "North Carolina" ""
"3070" "00-0026516" "B.Colquitt" "Britton" "Colquitt" "UNK" "UNK" "3/20/85" "Tennessee" ""
"3071" "00-0021235" "D.Zastudil" "Dave" "Zastudil" "UNK" "UNK" "10/26/78" "Ohio U." ""
"3072" "00-0026519" "D.Johnson" "DJ" "Johnson" "UNK" "UNK" "11/7/85" "Jackson State" ""
"3073" "00-0027176" "L.Taylor" "Larry" "Taylor" "UNK" "UNK" "5/30/85" "Connecticut" ""
"3074" "00-0027172" "T.Davis" "Tristan" "Davis" "UNK" "UNK" "5/5/86" "Auburn" ""
"3075" "00-0027173" "J.Pruitt" "Julius" "Pruitt" "UNK" "UNK" "12/30/85" "Ouachita Baptist" ""
"3076" "00-0027170" "J.Mauga" "Josh" "Mauga" "KC" "ILB" "6/20/87" "Nevada" ""
"3077" "00-0027171" "S.Elimimian" "Solomon" "Elimimian" "UNK" "UNK" "10/21/86" "Hawaii" ""
"3078" "00-0027179" "R.Lumbala" "Rolly" "Lumbala" "UNK" "UNK" "1/30/86" "Idaho" ""
"3079" "00-0022529" "L.Lawton" "Luke" "Lawton" "UNK" "UNK" "8/26/80" "McNeese State" ""
"3080" "00-0022527" "J.Greer" "Jabari" "Greer" "UNK" "UNK" "2/11/82" "Tennessee" ""
"3081" "00-0022521" "R.Baker" "Rashad" "Baker" "UNK" "UNK" "2/22/82" "Tennessee" ""
"3082" "00-0025996" "J.Silva" "Jamie" "Silva" "UNK" "UNK" "12/14/84" "Boston College" ""
"3083" "00-0025997" "C.Simpson" "Chad" "Simpson" "UNK" "UNK" "8/22/85" "Morgan State" ""
"3084" "00-0025995" "J.Senn" "Jordan" "Senn" "UNK" "UNK" "6/11/84" "Portland State" ""
"3085" "00-0025992" "S.Giguere" "Samuel" "Giguere" "UNK" "UNK" "7/11/85" "Unknown" ""
"3086" "00-0025993" "C.Johnson" "Curtis" "Johnson" "UNK" "UNK" "2/16/85" "Clark Atlanta" ""
"3087" "00-0025991" "E.Foster" "Eric" "Foster" "UNK" "UNK" "4/5/85" "Rutgers" ""
"3088" "00-0025999" "D.Hawthorne" "David" "Hawthorne" "UNK" "UNK" "5/14/85" "Texas Christian" ""
"3089" "00-0031248" "" "Julian" "Horton" "UNK" "UNK" "12/12/91" "Arkansas" ""
"3090" "00-0023252" "R.Gould" "Robbie" "Gould" "CHI" "K" "12/6/81" "Penn State" ""
"3091" "00-0023693" "C.Blackburn" "Chase" "Blackburn" "UNK" "UNK" "6/10/83" "Akron" ""
"3092" "00-0001255" "D.Binn" "David" "Binn" "UNK" "UNK" "2/6/72" "California" ""
"3093" "00-0020348" "F.Womack" "Floyd" "Womack" "UNK" "UNK" "11/15/78" "Mississippi State" ""
"3094" "00-0020342" "B.Manumaleuna" "Brandon" "Manumaleuna" "UNK" "UNK" "1/4/80" "Arizona" ""
"3095" "00-0031243" "S.Johnson" "Storm" "Johnson" "UNK" "UNK" "7/10/92" "Central Florida" ""
"3096" "00-0031244" "B.Watts" "Brandon" "Watts" "MIN" "OLB" "1/21/91" "Georgia Tech" ""
"3097" "00-0031249" "" "Waymon" "James" "UNK" "UNK" "1/24/91" "Texas Christian" ""
"3098" "00-0023926" "D.Federkeil" "Daniel" "Federkeil" "UNK" "UNK" "11/9/83" "Calgary" ""
"3099" "00-0026227" "A.Fluellen" "Andre" "Fluellen" "UNK" "UNK" "3/7/85" "Florida State" ""
"3100" "00-0026226" "T.Zbikowski" "Tom" "Zbikowski" "UNK" "UNK" "5/22/85" "Notre Dame" ""
"3101" "00-0027280" "D.Bishop" "Devin" "Bishop" "UNK" "UNK" "7/17/86" "California" ""
"3102" "00-0023921" "M.Austin" "Miles" "Austin" "UNK" "UNK" "6/30/84" "Monmouth (N.J.)" ""
"3103" "00-0023920" "D.Roland" "Dennis" "Roland" "UNK" "UNK" "3/10/83" "Georgia" ""
"3104" "00-0032053" "" "Brandon" "Scherff" "WAS" "OG" "12/26/91" "Iowa" ""
"3105" "00-0032052" "" "Dante" "Fowler" "UNK" "UNK" "8/3/94" "Florida" ""
"3106" "00-0032050" "C.Moore" "Corey" "Moore" "HOU" "DB" "1/28/93" "Georgia" ""
"3107" "00-0032057" "" "Jaquiski" "Tartt" "SF" "SS" "2/18/92" "Samford" ""
"3108" "00-0032056" "" "Hau'oli" "Kikaha" "NO" "OLB" "7/24/92" "Washington" ""
"3109" "00-0032055" "" "Devin" "Funchess" "CAR" "WR" "5/21/94" "Michigan" ""
"3110" "00-0032054" "" "Breshad" "Perriman" "BAL" "WR" "9/10/93" "Central Florida" ""
"3111" "00-0032059" "" "P.J." "Williams" "NO" "CB" "6/1/93" "Florida State" ""
"3112" "00-0032058" "" "Tevin" "Coleman" "ATL" "RB" "4/16/93" "Indiana" ""
"3113" "00-0029486" "T.Session" "Tray" "Session" "UNK" "UNK" "7/18/89" "Nevada" ""
"3114" "00-0029487" "E.Carmona" "Eddy" "Carmona" "UNK" "UNK" "9/4/88" "Harding" ""
"3115" "00-0024825" "J.Nordin" "Jake" "Nordin" "UNK" "UNK" "7/8/84" "Northern Illinois" ""
"3116" "00-0029481" "D.Pannell" "DeOn'tae" "Pannell" "UNK" "UNK" "3/19/90" "Penn State" ""
"3117" "00-0020006" "A.Pierce" "Antonio" "Pierce" "UNK" "UNK" "10/26/78" "Arizona" ""
"3118" "00-0029953" "L.Pryor" "Lonnie" "Pryor" "UNK" "UNK" "2/22/90" "Florida State" ""
"3119" "00-0031653" "" "Travis" "Raciti" "MIN" "DE" "5/21/92" "San Jose State" ""
"3120" "00-0031654" "" "Al" "Bond" "UNK" "UNK" "3/5/92" "Memphis" ""
"3121" "00-0031656" "" "Kyle" "Brindza" "UNK" "UNK" "1/13/93" "Notre Dame" ""
"3122" "00-0031657" "" "Isaiah" "Johnson" "DET" "DB" "5/16/92" "Georgia Tech" ""
"3123" "00-0030910" "" "C.J." "Barnett" "UNK" "UNK" "4/21/91" "Ohio State" ""
"3124" "00-0030663" "W.Snead" "Willie" "Snead" "NO" "WR" "10/17/92" "Ball State" ""
"3125" "00-0016960" "M.Vrabel" "Mike" "Vrabel" "UNK" "UNK" "8/14/75" "Ohio State" ""
"3126" "00-0030912" "" "Dan" "Fox" "UNK" "UNK" "3/17/91" "Notre Dame" ""
"3127" "00-0028965" "L.Evans" "LaQuinton" "Evans" "UNK" "UNK" "7/12/90" "Southern University" ""
"3128" "00-0030913" "" "Jordan" "Stanton" "UNK" "UNK" "4/11/91" "James Madison" ""
"3129" "00-0028960" "D.Aguilar" "Devin" "Aguilar" "UNK" "UNK" "10/22/88" "Washington" ""
"3130" "00-0028961" "B.Barden" "Brandon" "Barden" "UNK" "UNK" "3/15/89" "Vanderbilt" ""
"3131" "00-0028963" "" "Chandler" "Burden" "UNK" "UNK" "11/17/89" "Kentucky" ""
"3132" "00-0030914" "" "Torrence" "Allen" "UNK" "UNK" "3/31/91" "West Texas A&M" ""
"3133" "00-0028969" "D.Woods" "D.J." "Woods" "UNK" "UNK" "11/29/89" "Cincinnati" ""
"3134" "00-0021755" "E.Graham" "Earnest" "Graham" "UNK" "UNK" "1/15/80" "Florida" ""
"3135" "00-0021756" "W.Heller" "Will" "Heller" "UNK" "UNK" "2/28/81" "Georgia Tech" ""
"3136" "00-0029567" "N.Foles" "Nick" "Foles" "KC" "QB" "1/20/89" "Arizona" ""
"3137" "00-0025437" "C.Henry" "Chris" "Henry" "UNK" "UNK" "6/6/85" "Arizona" ""
"3138" "00-0028619" "D.Barnes" "Dominique" "Barnes" "UNK" "UNK" "5/6/89" "Youngstown State" ""
"3139" "00-0025431" "S.Rice" "Sidney" "Rice" "UNK" "UNK" "9/1/86" "South Carolina" ""
"3140" "00-0025430" "D.Stanton" "Drew" "Stanton" "ARI" "QB" "5/7/84" "Michigan State" ""
"3141" "00-0001563" "D.Bowens" "David" "Bowens" "UNK" "UNK" "7/3/77" "Western Illinois" ""
"3142" "00-0026509" "J.Valdez" "Jose" "Valdez" "UNK" "UNK" "12/13/86" "Arkansas" ""
"3143" "00-0026971" "P.Chiara" "Paul" "Chiara" "UNK" "UNK" "6/27/85" "Syracuse" ""
"3144" "00-0026973" "S.Walker" "Sean" "Walker" "UNK" "UNK" "8/15/86" "Vanderbilt" ""
"3145" "00-0026504" "A.Kelly" "Aaron" "Kelly" "UNK" "UNK" "4/2/86" "Clemson" ""
"3146" "00-0019676" "N.Rackers" "Neil" "Rackers" "UNK" "UNK" "8/16/76" "Illinois" ""
"3147" "00-0026507" "R.Shiver" "Robert" "Shiver" "UNK" "UNK" "8/4/85" "Auburn" ""
"3148" "00-0026601" "M.Rubin" "Mark" "Rubin" "UNK" "UNK" "10/24/85" "Penn State" ""
"3149" "00-0021922" "D.Diehl" "David" "Diehl" "UNK" "UNK" "9/15/80" "Illinois" ""
"3150" "00-0025433" "L.Woodley" "LaMarr" "Woodley" "UNK" "UNK" "11/3/84" "Michigan" ""
"3151" "00-0025432" "D.Jarrett" "Dwayne" "Jarrett" "UNK" "UNK" "9/11/86" "USC" ""
"3152" "00-0028613" "P.Tanner" "Phillip" "Tanner" "UNK" "UNK" "8/8/88" "Middle Tennessee State" ""
"3153" "00-0025439" "B.Leonard" "Brian" "Leonard" "UNK" "UNK" "2/3/84" "Rutgers" ""
"3154" "00-0025438" "S.Smith" "Steve" "Smith" "UNK" "UNK" "5/6/85" "USC" ""
"3155" "00-0028614" "A.Albright" "Alex" "Albright" "UNK" "UNK" "1/29/88" "Boston College" ""
"3156" "00-0028615" "G.Jones" "Gerald" "Jones" "UNK" "UNK" "10/10/89" "Tennessee" ""
"3157" "00-0030837" "" "Andrew" "Miller" "UNK" "UNK" "4/24/90" "Virginia Tech" ""
"3158" "00-0030520" "M.Glennon" "Mike" "Glennon" "TB" "QB" "12/12/89" "North Carolina State" ""
"3159" "00-0030523" "K.Webster" "Kayvon" "Webster" "DEN" "CB" "2/1/91" "South Florida" ""
"3160" "00-0029699" "T.Bergstrom" "Tony" "Bergstrom" "HOU" "C" "8/8/86" "Utah" ""
"3161" "00-0029698" "M.Wheaton" "Marquese" "Wheaton" "UNK" "UNK" "11/6/87" "Southern Mississippi" ""
"3162" "00-0030527" "A.Ogletree" "Alec" "Ogletree" "UNK" "UNK" "9/25/91" "Georgia" ""
"3163" "00-0030526" "E.Manuel" "EJ" "Manuel" "BUF" "QB" "3/19/90" "Florida State" ""
"3164" "00-0030529" "S.Moore" "Sio" "Moore" "IND" "LB" "5/2/90" "Connecticut" ""
"3165" "00-0029694" "M.Egnew" "Michael" "Egnew" "UNK" "UNK" "11/1/89" "Missouri" ""
"3166" "00-0029697" "C.Fleener" "Coby" "Fleener" "NO" "TE" "9/20/88" "Stanford" ""
"3167" "00-0029696" "C.Lewis-Harris" "Chris" "Lewis-Harris" "CIN" "CB" "2/11/89" "Tennessee-Chattanooga" ""
"3168" "00-0029691" "J.Robinson" "Josh" "Robinson" "TB" "DB" "1/8/91" "Central Florida" ""
"3169" "00-0029690" "T.Johnson" "Trumaine" "Johnson" "UNK" "UNK" "1/1/90" "Montana" ""
"3170" "00-0030839" "S.Patton" "Solomon" "Patton" "UNK" "UNK" "10/17/90" "Florida" ""
"3171" "00-0029692" "B.Anger" "Bryan" "Anger" "TB" "P" "10/6/88" "California" ""
"3172" "00-0026168" "L.Jackson" "Lawrence" "Jackson" "UNK" "UNK" "8/30/85" "USC" ""
"3173" "00-0026169" "K.Balmer" "Kentwan" "Balmer" "UNK" "UNK" "10/15/86" "North Carolina" ""
"3174" "00-0026162" "F.Jones" "Felix" "Jones" "UNK" "UNK" "5/8/87" "Arkansas" ""
"3175" "00-0026163" "R.Mendenhall" "Rashard" "Mendenhall" "UNK" "UNK" "6/19/87" "Illinois" ""
"3176" "00-0025870" "D.Brown" "Darrick" "Brown" "UNK" "UNK" "2/18/84" "McNeese State" ""
"3177" "00-0029611" "A.Brown" "Aaron" "Brown" "UNK" "UNK" "9/24/88" "Hawaii" ""
"3178" "00-0029610" "M.Harris" "Mike" "Harris" "UNK" "UNK" "1/5/89" "Florida State" ""
"3179" "00-0031688" "" "Denzel" "Rice" "UNK" "UNK" "3/31/93" "Coastal Carolina" ""
"3180" "00-0029880" "J.Stewart" "Jonathan" "Stewart" "UNK" "UNK" "11/23/90" "Texas A&M" ""
"3181" "00-0029882" "M.Brooks" "Michael" "Brooks" "UNK" "UNK" "8/28/91" "East Carolina" ""
"3182" "00-0029884" "A.Holtz" "Austin" "Holtz" "UNK" "UNK" "11/1/89" "Ball State" ""
"3183" "00-0029887" "" "Joe" "Madsen" "UNK" "UNK" "9/1/89" "West Virginia" ""
"3184" "00-0026160" "A.Talib" "Aqib" "Talib" "DEN" "CB" "2/13/86" "Kansas" ""
"3185" "00-0026161" "S.Baker" "Sam" "Baker" "UNK" "UNK" "5/30/85" "USC" ""
"3186" "00-0026164" "C.Johnson" "Chris" "Johnson" "ARI" "RB" "9/23/85" "East Carolina" ""
"3187" "00-0023108" "S.Spach" "Stephen" "Spach" "UNK" "UNK" "7/18/82" "Fresno State" ""
"3188" "00-0027349" "S.Williams" "Stephen" "Williams" "UNK" "UNK" "6/29/86" "Toledo" ""
"3189" "00-0027346" "A.Smith" "Alfonso" "Smith" "UNK" "UNK" "1/23/87" "Kentucky" ""
"3190" "00-0031018" "J.George" "Jeremiah" "George" "TB" "LB" "1/24/92" "Iowa State" ""
"3191" "00-0031019" "" "Corey" "Linsley" "GB" "C" "7/27/91" "Ohio State" ""
"3192" "00-0031016" "" "Ross" "Cockrell" "PIT" "DB" "8/6/91" "Duke" ""
"3193" "00-0031017" "" "Dakota" "Dozier" "NYJ" "T" "4/30/91" "Furman" ""
"3194" "00-0031014" "" "Cody" "Hoffman" "UNK" "UNK" "3/13/91" "Brigham Young" ""
"3195" "00-0031015" "P.Gaines" "Phillip" "Gaines" "KC" "CB" "4/4/91" "Rice" ""
"3196" "00-0031010" "" "Kofi" "Hughes" "UNK" "UNK" "3/27/92" "Indiana" ""
"3197" "00-0031011" "L.Doss" "Lee" "Doss" "UNK" "UNK" "4/9/91" "Southern University" ""
"3198" "00-0032608" "" "Jake" "Ganus" "MIN" "ILB" "3/22/93" "Georgia" ""
"3199" "00-0032609" "" "Marken" "Michel" "UNK" "UNK" "7/6/93" "Massachusetts" ""
"3200" "00-0032606" "" "Kyle" "Carter" "MIN" "TE" "12/17/92" "Penn State" ""
"3201" "00-0032607" "" "Theiren" "Cockran" "UNK" "UNK" "9/10/92" "Minnesota" ""
"3202" "00-0032602" "" "J.D." "McKissic" "ATL" "WR" "8/15/93" "Arkansas State" ""
"3203" "00-0032601" "" "Jordan" "Sefon" "UNK" "UNK" "7/25/93" "St. Cloud State" ""
"3204" "00-0024456" "M.Setterstrom" "Mark" "Setterstrom" "UNK" "UNK" "3/3/84" "Minnesota" ""
"3205" "00-0024452" "T.Rushing" "T.J." "Rushing" "UNK" "UNK" "6/8/83" "Stanford" ""
"3206" "00-0015468" "P.Spicer" "Paul" "Spicer" "UNK" "UNK" "8/18/75" "Saginaw Valley State" ""
"3207" "00-0023335" "T.Smith" "Tyson" "Smith" "UNK" "UNK" "10/9/81" "Iowa State" ""
"3208" "00-0018486" "J.Zelenka" "Joe" "Zelenka" "UNK" "UNK" "3/9/76" "Wake Forest" ""
"3209" "00-0024067" "L.Vickers" "Lee" "Vickers" "UNK" "UNK" "3/13/81" "North Alabama" ""
"3210" "00-0024061" "T.Williams" "Tramon" "Williams" "CLE" "CB" "3/16/83" "Louisiana Tech" ""
"3211" "00-0023482" "M.Nugent" "Mike" "Nugent" "CIN" "K" "3/2/82" "Ohio State" ""
"3212" "00-0023480" "L.Tatupu" "Lofa" "Tatupu" "UNK" "UNK" "11/15/82" "USC" ""
"3213" "00-0031328" "" "Brandon" "Dixon" "UNK" "UNK" "4/26/90" "Northwest Missouri State" ""
"3214" "00-0031329" "K.Ozier" "Kevin" "Ozier" "UNK" "UNK" "12/24/90" "Arizona State" ""
"3215" "00-0031320" "" "Kevin" "Smith" "SEA" "WR" "12/21/91" "Washington" ""
"3216" "00-0031321" "W.Van Hooser" "Wilson" "Van Hooser" "UNK" "UNK" "12/31/90" "Troy" ""
"3217" "00-0031323" "" "Kevin" "Greene" "UNK" "UNK" "5/14/90" "USC" ""
"3218" "00-0031324" "H.Miller" "Horace" "Miller" "UNK" "UNK" "8/28/90" "Texas-El Paso" ""
"3219" "00-0031327" "" "Kevin" "Norwood" "CAR" "WR" "9/23/89" "Alabama" ""
"3220" "00-0023481" "M.Roth" "Matt" "Roth" "UNK" "UNK" "10/14/82" "Iowa" ""
"3221" "00-0023486" "N.Collins" "Nick" "Collins" "UNK" "UNK" "8/16/83" "Bethune-Cookman" ""
"3222" "00-0023487" "K.Barnes" "Khalif" "Barnes" "NO" "T" "4/21/82" "Washington" ""
"3223" "00-0023485" "R.Bartell" "Ron" "Bartell" "UNK" "UNK" "2/22/82" "Howard" ""
"3224" "00-0032844" "" "Brandon" "Burks" "GB" "RB" "11/1/93" "Troy" ""
"3225" "00-0032845" "" "Alstevis" "Squirewell" "GB" "RB" "9/17/92" "Newberry" ""
"3226" "00-0032846" "" "Cory" "Tucker" "UNK" "UNK" "11/20/92" "Slippery Rock" ""
"3227" "00-0032847" "" "Darrin" "Peterson" "UNK" "UNK" "7/14/94" "Liberty" ""
"3228" "00-0032840" "" "Myke" "Tavarres" "PHI" "LB" "11/18/92" "Incarnate Word (Tex.)" ""
"3229" "00-0032841" "" "Paul" "Turner" "PHI" "WR" "5/10/93" "Louisiana Tech" ""
"3230" "00-0032842" "" "Connor" "Wujciak" "PHI" "DT" "9/24/92" "Boston College" ""
"3231" "00-0032843" "" "Demetris" "Anderson" "UNK" "UNK" "4/12/92" "Central Florida" ""
"3232" "00-0032848" "" "Kevin" "Peterson" "CHI" "CB" "3/22/94" "Oklahoma State" ""
"3233" "00-0028577" "N.Reveiz" "Nick" "Reveiz" "UNK" "UNK" "3/29/88" "Tennessee" ""
"3234" "00-0028576" "M.Blanc" "Mike" "Blanc" "UNK" "UNK" "4/13/87" "Auburn" ""
"3235" "00-0028575" "B.Bird" "Bront" "Bird" "UNK" "UNK" "3/17/89" "Texas Tech" ""
"3236" "00-0028574" "M.Madu" "Mossis" "Madu" "UNK" "UNK" "11/4/87" "Oklahoma" ""
"3237" "00-0028573" "C.Baxter" "Colin" "Baxter" "UNK" "UNK" "7/31/87" "Arizona" ""
"3238" "00-0028571" "D.Holland" "Devin" "Holland" "UNK" "UNK" "10/18/88" "McNeese State" ""
"3239" "00-0028570" "T.Boggs" "Taylor" "Boggs" "ARI" "C" "2/20/87" "Humboldt State" ""
"3240" "00-0028579" "A.Cannon" "Adrian" "Cannon" "UNK" "UNK" "8/12/88" "Maryland" ""
"3241" "00-0028578" "R.Broadway" "Ramon" "Broadway" "UNK" "UNK" "12/20/87" "Arkansas" ""
"3242" "00-0029737" "B.Clingan" "Blake" "Clingan" "UNK" "UNK" "12/7/88" "Central Florida" ""
"3243" "00-0029226" "D.Dimke" "Derek" "Dimke" "UNK" "UNK" "4/16/90" "Illinois" ""
"3244" "00-0029227" "P.Edwards" "Pat" "Edwards" "UNK" "UNK" "10/25/88" "Houston" ""
"3245" "00-0032598" "" "Devonte" "Johnson" "ATL" "DB" "1/3/93" "Weber State" ""
"3246" "00-0032596" "" "Brian" "Poole" "ATL" "DB" "10/20/92" "Florida" ""
"3247" "00-0032593" "" "Brandon" "Wilds" "ATL" "RB" "7/22/93" "South Carolina" ""
"3248" "00-0029738" "D.Fells" "Darren" "Fells" "ARI" "TE" "4/22/86" "California-Irvine" ""
"3249" "00-0031826" "" "John" "Crockett" "GB" "RB" "2/16/92" "North Dakota State" ""
"3250" "00-0022002" "K.Peterson" "Kenny" "Peterson" "UNK" "UNK" "11/21/78" "Ohio State" ""
"3251" "00-0026939" "W.Davis" "Will" "Davis" "UNK" "UNK" "6/2/86" "Illinois" ""
"3252" "00-0026938" "D.Wright" "DeAndre" "Wright" "UNK" "UNK" "4/13/86" "New Mexico" ""
"3253" "00-0026935" "B.McCain" "Brice" "McCain" "TEN" "DB" "12/10/86" "Utah" ""
"3254" "00-0026934" "B.Underwood" "Brandon" "Underwood" "UNK" "UNK" "6/24/86" "Cincinnati" ""
"3255" "00-0026937" "B.Gibson" "Brandon" "Gibson" "UNK" "UNK" "8/13/87" "Washington State" ""
"3256" "00-0026936" "A.Afalava" "Al" "Afalava" "UNK" "UNK" "1/20/87" "Oregon State" ""
"3257" "00-0031821" "" "Darrell" "Williams" "UNK" "UNK" "8/31/93" "South Florida" ""
"3258" "00-0031820" "" "Louis" "Trinca-Pasat" "UNK" "UNK" "9/7/91" "Iowa" ""
"3259" "00-0008075" "L.Izzo" "Larry" "Izzo" "UNK" "UNK" "9/26/74" "Rice" ""
"3260" "00-0016550" "A.Toomer" "Amani" "Toomer" "UNK" "UNK" "9/8/74" "Michigan" ""
"3261" "00-0022199" "J.Horton" "Jason" "Horton" "UNK" "UNK" "2/16/80" "North Carolina A&T" ""
"3262" "00-0026751" "J.Holt" "James" "Holt" "UNK" "UNK" "11/24/86" "Kansas" ""
"3263" "00-0030999" "M.Grice" "Marion" "Grice" "UNK" "UNK" "4/10/91" "Arizona State" ""
"3264" "00-0026753" "C.Martin" "Charly" "Martin" "UNK" "UNK" "3/20/84" "West Texas A&M" ""
"3265" "00-0026752" "R.Jackson" "Rashaad" "Jackson" "UNK" "UNK" "1/25/85" "Clemson" ""
"3266" "00-0026754" "R.McDonald" "Ryan" "McDonald" "UNK" "UNK" "8/21/85" "Illinois" ""
"3267" "00-0026757" "K.Sperry" "Kory" "Sperry" "UNK" "UNK" "4/10/85" "Colorado State" ""
"3268" "00-0026756" "R.Smith" "Rodgeriqus" "Smith" "UNK" "UNK" "9/8/85" "Auburn" ""
"3269" "00-0030990" "J.Huff" "Josh" "Huff" "PHI" "WR" "10/14/91" "Oregon" ""
"3270" "00-0030992" "" "Crockett" "Gillmore" "BAL" "TE" "11/16/91" "Colorado State" ""
"3271" "00-0030993" "" "Aaron" "Lynch" "SF" "OLB" "3/8/93" "South Florida" ""
"3272" "00-0030994" "R.Carrethers" "Ryan" "Carrethers" "SD" "NT" "2/26/91" "Arkansas State" ""
"3273" "00-0030995" "J.Newsome" "Jonathan" "Newsome" "UNK" "UNK" "1/22/91" "Ball State" ""
"3274" "00-0030996" "" "John" "Urschel" "BAL" "C" "6/24/91" "Penn State" ""
"3275" "00-0030997" "" "Zach" "Fulton" "KC" "G" "9/23/91" "Tennessee" ""
"3276" "00-0027485" "J.Byers" "Jeff" "Byers" "UNK" "UNK" "9/7/85" "USC" ""
"3277" "00-0027482" "J.Pinkard" "Josh" "Pinkard" "UNK" "UNK" "4/2/86" "USC" ""
"3278" "00-0027483" "R.Rose" "Robert" "Rose" "UNK" "UNK" "12/24/87" "Ohio State" ""
"3279" "00-0027481" "J.Pawelek" "Joe" "Pawelek" "UNK" "UNK" "12/8/86" "Baylor" ""
"3280" "00-0024663" "Q.Teal" "Quinton" "Teal" "UNK" "UNK" "3/8/84" "Coastal Carolina" ""
"3281" "00-0024662" "R.Riley" "Rueben" "Riley" "UNK" "UNK" "9/20/84" "Michigan" ""
"3282" "00-0033072" "" "Leonard" "Floyd" "CHI" "OLB" "9/8/92" "Georgia" ""
"3283" "00-0033073" "" "Emmanuel" "Ogbah" "CLE" "DE" "11/6/93" "Oklahoma State" ""
"3284" "00-0026289" "T.Hightower" "Tim" "Hightower" "NO" "RB" "5/23/86" "Richmond" ""
"3285" "00-0033071" "" "Marquise" "Williams" "GB" "QB" "10/5/92" "North Carolina" ""
"3286" "00-0033076" "" "Derrick" "Kindred" "CLE" "FS" "12/15/93" "Texas Christian" ""
"3287" "00-0026200" "P.Lee" "Pat" "Lee" "UNK" "UNK" "2/20/84" "Auburn" ""
"3288" "00-0026207" "C.Godfrey" "Charles" "Godfrey" "UNK" "UNK" "11/15/85" "Iowa" ""
"3289" "00-0026206" "K.Langford" "Kendall" "Langford" "IND" "DE" "1/27/86" "Hampton" ""
"3290" "00-0026205" "J.Greco" "John" "Greco" "CLE" "G" "3/24/85" "Toledo" ""
"3291" "00-0026204" "K.Smith" "Kevin" "Smith" "UNK" "UNK" "12/17/86" "Central Florida" ""
"3292" "00-0033077" "" "Dak" "Prescott" "DAL" "QB" "7/29/93" "Mississippi State" ""
"3293" "00-0033074" "" "Kevin" "Dodd" "TEN" "LB" "7/14/92" "Clemson" ""
"3294" "00-0033075" "" "Charles" "Tapper" "DAL" "DE" "5/7/93" "Oklahoma" ""
"3295" "00-0026283" "O.Scandrick" "Orlando" "Scandrick" "DAL" "CB" "2/10/87" "Boise State" ""
"3296" "00-0026282" "Z.Bowman" "Zack" "Bowman" "UNK" "UNK" "11/18/84" "Nebraska" ""
"3297" "00-0033078" "" "Keenan" "Reynolds" "BAL" "WR" "12/13/93" "Navy" ""
"3298" "00-0026280" "B.Carr" "Brandon" "Carr" "DAL" "CB" "5/19/86" "Grand Valley State" ""
"3299" "00-0026287" "A.Bowen" "Alvin" "Bowen" "UNK" "UNK" "12/24/83" "Iowa State" ""
"3300" "00-0026286" "J.Felton" "Jerome" "Felton" "BUF" "FB" "7/3/86" "Furman" ""
"3301" "00-0021255" "J.Owens" "John" "Owens" "UNK" "UNK" "1/10/80" "Notre Dame" ""
"3302" "00-0021250" "R.Boiman" "Rocky" "Boiman" "UNK" "UNK" "1/24/80" "Notre Dame" ""
"3303" "00-0026573" "W.Mendenhall" "Walter" "Mendenhall" "UNK" "UNK" "1/22/86" "Illinois State" ""
"3304" "00-0026572" "M.Mailei" "Marcus" "Mailei" "UNK" "UNK" "10/30/86" "Weber State" ""
"3305" "00-0021259" "S.Fujita" "Scott" "Fujita" "UNK" "UNK" "4/28/79" "California" ""
"3306" "00-0026578" "C.Anderson" "Colt" "Anderson" "BUF" "DB" "10/25/85" "Montana" ""
"3307" "00-0024598" "C.Wallace" "C.J." "Wallace" "UNK" "UNK" "4/17/85" "Washington" ""
"3308" "00-0024595" "L.Payne" "Logan" "Payne" "UNK" "UNK" "1/21/85" "Minnesota" ""
"3309" "00-0032400" "" "Malcolm" "Mitchell" "NE" "WR" "7/20/93" "Georgia" ""
"3310" "00-0022502" "J.Cain" "Jeremy" "Cain" "UNK" "UNK" "3/24/80" "Massachusetts" ""
"3311" "00-0027401" "R.Jackson" "Rashawn" "Jackson" "UNK" "UNK" "1/15/87" "Virginia" ""
"3312" "00-0011022" "D.McNabb" "Donovan" "McNabb" "UNK" "UNK" "11/25/76" "Syracuse" ""
"3313" "00-0029569" "M.Martin" "Markelle" "Martin" "UNK" "UNK" "6/20/90" "Oklahoma State" ""
"3314" "00-0027159" "J.Jarmon" "Jeremy" "Jarmon" "UNK" "UNK" "11/20/87" "Kentucky" ""
"3315" "00-0027628" "B.Sanford" "Brian" "Sanford" "UNK" "UNK" "9/12/87" "Temple" ""
"3316" "00-0027629" "K.Danso" "Kwaku" "Danso" "UNK" "UNK" "3/17/82" "East Carolina" ""
"3317" "00-0027150" "J.Edelman" "Julian" "Edelman" "NE" "WR" "5/22/86" "Kent State" ""
"3318" "00-0027151" "D.Richard" "Darryl" "Richard" "UNK" "UNK" "6/17/86" "Georgia Tech" ""
"3319" "00-0027152" "Z.Follett" "Zack" "Follett" "UNK" "UNK" "7/3/87" "California" ""
"3320" "00-0027153" "J.Thomas" "Jaimie" "Thomas" "UNK" "UNK" "8/24/86" "Maryland" ""
"3321" "00-0027154" "J.O'Connell" "Jake" "O'Connell" "UNK" "UNK" "11/6/85" "Miami (Ohio)" ""
"3322" "00-0027155" "R.Jennings" "Rashad" "Jennings" "NYG" "RB" "3/26/85" "Liberty" ""
"3323" "00-0027624" "M.Tevaseu" "Martin" "Tevaseu" "UNK" "UNK" "10/7/87" "Nevada-Las Vegas" ""
"3324" "00-0027157" "D.Gronkowski" "Dan" "Gronkowski" "UNK" "UNK" "1/21/85" "Maryland" ""
"3325" "00-0025931" "K.Dykes" "Keilen" "Dykes" "UNK" "UNK" "9/6/84" "West Virginia" ""
"3326" "00-0001545" "T.Bouman" "Todd" "Bouman" "UNK" "UNK" "8/1/72" "St. Cloud State" ""
"3327" "00-0020329" "A.Henry" "Anthony" "Henry" "UNK" "UNK" "11/3/76" "South Florida" ""
"3328" "00-0029889" "" "Patrick" "Omameh" "UNK" "UNK" "12/29/89" "Michigan" ""
"3329" "00-0023988" "T.Davis" "Tanard" "Davis" "UNK" "UNK" "1/27/83" "Miami (Fla.)" ""
"3330" "00-0023982" "R.Neill" "Ryan" "Neill" "UNK" "UNK" "12/12/82" "Rutgers" ""
"3331" "00-0023981" "M.Nance" "Martin" "Nance" "UNK" "UNK" "5/26/83" "Miami (Ohio)" ""
"3332" "00-0019613" "R.Brown" "Ralph" "Brown" "UNK" "UNK" "9/16/78" "Nebraska" ""
"3333" "00-0028274" "T.Barnes" "Tim" "Barnes" "UNK" "UNK" "5/14/88" "Missouri" ""
"3334" "00-0031225" "" "Julius" "Warmsley" "MIA" "DE" "5/16/90" "Tulane" ""
"3335" "00-0031224" "" "Lacoltan" "Bester" "UNK" "UNK" "11/12/91" "Oklahoma" ""
"3336" "00-0031227" "B.Filimoeatu" "Bojay" "Filimoeatu" "UNK" "UNK" "12/6/89" "Utah State" ""
"3337" "00-0023904" "G.McIntyre" "Garrett" "McIntyre" "UNK" "UNK" "11/26/84" "Fresno State" ""
"3338" "00-0031221" "" "Charles" "Clay" "UNK" "UNK" "5/15/91" "Hawaii" ""
"3339" "00-0023674" "S.Mruczkowski" "Scott" "Mruczkowski" "UNK" "UNK" "4/5/82" "Bowling Green State" ""
"3340" "00-0031223" "L.Robinson" "Luther" "Robinson" "UNK" "UNK" "2/24/91" "Miami (Fla.)" ""
"3341" "00-0031222" "" "Colt" "Lyerla" "UNK" "UNK" "11/13/92" "Oregon" ""
"3342" "00-0023679" "B.Bajema" "Billy" "Bajema" "UNK" "UNK" "10/31/82" "Oklahoma State" ""
"3343" "00-0031229" "" "Jacobbi" "McDaniel" "UNK" "UNK" "10/8/89" "Florida State" ""
"3344" "00-0031228" "T.Gabriel" "Taylor" "Gabriel" "CLE" "WR" "2/17/91" "Abilene Christian" ""
"3345" "00-0032034" "" "Toby" "Johnson" "MIN" "DT" "9/1/91" "Georgia" ""
"3346" "00-0032037" "" "Josue" "Matias" "TEN" "OG" "1/6/93" "Florida State" ""
"3347" "00-0032036" "" "Derrick" "Lott" "OAK" "DT" "6/18/90" "Tennessee-Chattanooga" ""
"3348" "00-0032031" "" "Kaleb" "Eulls" "UNK" "UNK" "6/28/91" "Mississippi State" ""
"3349" "00-0032033" "" "Yannik" "Cudjoe-Virgil" "UNK" "UNK" "11/28/92" "Maryland" ""
"3350" "00-0023531" "B.Jones" "Brandon" "Jones" "UNK" "UNK" "10/6/82" "Oklahoma" ""
"3351" "00-0029217" "Tr.Lewis" "Travis" "Lewis" "UNK" "UNK" "1/15/88" "Oklahoma" ""
"3352" "00-0030173" "Z.Rogers" "Zach" "Rogers" "UNK" "UNK" "11/22/90" "Tennessee" ""
"3353" "00-0030170" "R.Miles" "Rontez" "Miles" "NYJ" "SS" "11/25/88" "California (PA)" ""
"3354" "00-0030171" "C.Pantale" "Chris" "Pantale" "PHI" "TE" "3/22/90" "Boston College" ""
"3355" "00-0030176" "K.Stroud" "K.J." "Stroud" "UNK" "UNK" "12/20/89" "Bethune-Cookman" ""
"3356" "00-0030174" "M.Shanahan" "Mike" "Shanahan" "UNK" "UNK" "12/28/89" "Pittsburgh" ""
"3357" "00-0030175" "R.Spadola" "Ryan" "Spadola" "DET" "WR" "2/15/91" "Lehigh" ""
"3358" "00-0012642" "D.Patten" "David" "Patten" "UNK" "UNK" "8/19/74" "Western Carolina" ""
"3359" "00-0018926" "M.Schneck" "Mike" "Schneck" "UNK" "UNK" "8/4/77" "Wisconsin" ""
"3360" "00-0018925" "B.Sims" "Barry" "Sims" "UNK" "UNK" "12/1/74" "Utah" ""
"3361" "00-0028908" "M.Thomas" "Michael" "Thomas" "MIA" "FS" "3/17/90" "Stanford" ""
"3362" "00-0028989" "" "Tommie" "Draheim" "UNK" "UNK" "12/23/88" "San Diego State" ""
"3363" "00-0030925" "R.Tjong-A-Tjoe" "Ricky" "Tjong-A-Tjoe" "UNK" "UNK" "4/4/90" "Boise State" ""
"3364" "00-0029058" "D.Nowak" "Drew" "Nowak" "UNK" "UNK" "3/7/90" "Western Michigan" ""
"3365" "00-0030924" "C.Tenpenny" "Chase" "Tenpenny" "UNK" "UNK" "8/6/91" "Nevada" ""
"3366" "00-0029053" "R.Davis" "Ryan" "Davis" "UNK" "UNK" "2/24/89" "Bethune-Cookman" ""
"3367" "00-0028906" "N.Palmer" "Nathan" "Palmer" "UNK" "UNK" "4/14/89" "Northern Illinois" ""
"3368" "00-0028907" "G.Tavecchio" "Giorgio" "Tavecchio" "UNK" "UNK" "7/16/90" "California" ""
"3369" "00-0028904" "A.Netter" "Al" "Netter" "UNK" "UNK" "7/21/89" "Northwestern" ""
"3370" "00-0028905" "C.Owusu" "Chris" "Owusu" "UNK" "UNK" "1/6/90" "Stanford" ""
"3371" "00-0028902" "P.Butrym" "Patrick" "Butrym" "UNK" "UNK" "6/13/88" "Wisconsin" ""
"3372" "00-0028903" "G.Celek" "Garrett" "Celek" "SF" "TE" "5/29/88" "Michigan State" ""
"3373" "00-0028617" "M.Holmes" "Mike" "Holmes" "UNK" "UNK" "6/1/89" "Syracuse" ""
"3374" "00-0029509" "J.Ford" "Jason" "Ford" "UNK" "UNK" "12/1/89" "Illinois" ""
"3375" "00-0029508" "H.Fangupo" "Hebron" "Fangupo" "UNK" "UNK" "7/19/85" "Brigham Young" ""
"3376" "00-0029505" "N.Saenz" "Nick" "Saenz" "UNK" "UNK" "2/23/90" "Houston" ""
"3377" "00-0029504" "J.Carmon" "James" "Carmon" "UNK" "UNK" "2/2/89" "Mississippi State" ""
"3378" "00-0029507" "D.Bryant" "D.J." "Bryant" "UNK" "UNK" "3/3/89" "James Madison" ""
"3379" "00-0029506" "L.Brock" "Logan" "Brock" "UNK" "UNK" "10/5/88" "Texas Christian" ""
"3380" "00-0029501" "B.Figgins" "Bruce" "Figgins" "UNK" "UNK" "12/7/88" "Georgia" ""
"3381" "00-0029500" "M.Balasavage" "Matt" "Balasavage" "UNK" "UNK" "2/15/89" "Temple" ""
"3382" "00-0029503" "C.Stewart" "Chester" "Stewart" "UNK" "UNK" "1/26/89" "Temple" ""
"3383" "00-0029502" "J.Mabin" "Jordan" "Mabin" "UNK" "UNK" "10/31/88" "Northwestern" ""
"3384" "00-0028632" "D.Locke" "Derrick" "Locke" "UNK" "UNK" "5/30/89" "Kentucky" ""
"3385" "00-0028633" "K.Carlos" "Keith" "Carlos" "UNK" "UNK" "12/19/87" "Purdue" ""
"3386" "00-0021081" "B.Thomas" "Bryan" "Thomas" "UNK" "UNK" "6/7/79" "Alabama-Birmingham" ""
"3387" "00-0030508" "N.Johnson" "Nico" "Johnson" "UNK" "UNK" "6/19/90" "Alabama" ""
"3388" "00-0021085" "W.Witherspoon" "Will" "Witherspoon" "UNK" "UNK" "8/19/80" "Georgia" ""
"3389" "00-0030503" "A.Okafor" "Alex" "Okafor" "ARI" "OLB" "2/8/91" "Texas" ""
"3390" "00-0030502" "Z.Gooden" "Zaviar" "Gooden" "DET" "LB" "8/31/90" "Missouri" ""
"3391" "00-0030501" "A.Clark" "Arceto" "Clark" "UNK" "UNK" "9/29/89" "Mississippi State" ""
"3392" "00-0030500" "N.Williams" "Nick" "Williams" "KC" "DT" "2/21/90" "Samford" ""
"3393" "00-0030507" "B.Logan" "Bennie" "Logan" "PHI" "NT" "12/28/89" "LSU" ""
"3394" "00-0030506" "T.Kelce" "Travis" "Kelce" "KC" "TE" "10/5/89" "Cincinnati" ""
"3395" "00-0030505" "D.Fluker" "D.J." "Fluker" "SD" "OG" "3/13/91" "Alabama" ""
"3396" "00-0030504" "E.Watford" "Earl" "Watford" "ARI" "OT" "6/24/90" "James Madison" ""
"3397" "00-0030521" "J.Hunter" "Justin" "Hunter" "TEN" "WR" "5/20/91" "Tennessee" ""
"3398" "00-0030836" "K.Lewis" "Keith" "Lewis" "UNK" "UNK" "3/28/89" "Lynchburg College" ""
"3399" "00-0030835" "E.Cummings" "Euclid" "Cummings" "UNK" "UNK" "5/6/91" "Georgia Tech" ""
"3400" "00-0011236" "B.Miller" "Billy" "Miller" "UNK" "UNK" "4/24/77" "USC" ""
"3401" "00-0027898" "N.Boateng" "Nyan" "Boateng" "UNK" "UNK" "" "California" ""
"3402" "00-0027891" "G.Tate" "Golden" "Tate" "DET" "WR" "8/2/88" "Notre Dame" ""
"3403" "00-0027890" "B.Tate" "Ben" "Tate" "UNK" "UNK" "8/21/88" "Auburn" ""
"3404" "00-0027892" "P.Angerer" "Pat" "Angerer" "UNK" "UNK" "1/31/87" "Iowa" ""
"3405" "00-0027895" "K.Thomas" "Kevin" "Thomas" "UNK" "UNK" "9/20/86" "USC" ""
"3406" "00-0027894" "N.Bowman" "NaVorro" "Bowman" "SF" "ILB" "5/28/88" "Penn State" ""
"3407" "00-0027897" "D.Townsel" "Derrick" "Townsel" "UNK" "UNK" "7/12/88" "Murray State" ""
"3408" "00-0030522" "M.Ball" "Montee" "Ball" "UNK" "UNK" "12/5/90" "Wisconsin" ""
"3409" "00-0030525" "T.Austin" "Tavon" "Austin" "UNK" "UNK" "3/15/91" "West Virginia" ""
"3410" "00-0030830" "" "Marcus" "Whitfield" "UNK" "UNK" "12/15/90" "Maryland" ""
"3411" "00-0020428" "R.Ferguson" "Robert" "Ferguson" "UNK" "UNK" "12/17/79" "Texas A&M" ""
"3412" "00-0025419" "A.Gonzalez" "Anthony" "Gonzalez" "UNK" "UNK" "9/18/84" "Ohio State" ""
"3413" "00-0030528" "R.Alford" "Robert" "Alford" "ATL" "CB" "11/1/88" "Southeastern Louisiana" ""
"3414" "00-0025417" "C.Davis" "Craig" "Davis" "UNK" "UNK" "10/2/85" "LSU" ""
"3415" "00-0025416" "B.Grubbs" "Ben" "Grubbs" "UNK" "UNK" "3/10/84" "Auburn" ""
"3416" "00-0025415" "J.Staley" "Joe" "Staley" "SF" "T" "8/30/84" "Central Michigan" ""
"3417" "00-0025414" "R.Meachem" "Robert" "Meachem" "UNK" "UNK" "9/28/84" "Tennessee" ""
"3418" "00-0025413" "A.Spencer" "Anthony" "Spencer" "UNK" "UNK" "1/23/84" "Purdue" ""
"3419" "00-0025412" "J.Beason" "Jon" "Beason" "UNK" "UNK" "1/14/85" "Miami (Fla.)" ""
"3420" "00-0025411" "B.Meriweather" "Brandon" "Meriweather" "UNK" "UNK" "1/14/84" "Miami (Fla.)" ""
"3421" "00-0025410" "D.Bowe" "Dwayne" "Bowe" "UNK" "UNK" "9/21/84" "LSU" ""
"3422" "00-0026148" "D.Harvey" "Derrick" "Harvey" "UNK" "UNK" "11/9/86" "Florida" ""
"3423" "00-0026149" "K.Rivers" "Keith" "Rivers" "UNK" "UNK" "5/5/86" "USC" ""
"3424" "00-0026144" "D.McFadden" "Darren" "McFadden" "DAL" "RB" "8/27/87" "Arkansas" ""
"3425" "00-0026145" "G.Dorsey" "Glenn" "Dorsey" "SF" "DE" "8/1/85" "LSU" ""
"3426" "00-0026146" "V.Gholston" "Vernon" "Gholston" "UNK" "UNK" "6/5/86" "Ohio State" ""
"3427" "00-0026147" "S.Ellis" "Sedrick" "Ellis" "UNK" "UNK" "7/9/85" "USC" ""
"3428" "00-0026142" "C.Long" "Chris" "Long" "NE" "DE" "3/28/85" "Virginia" ""
"3429" "00-0026143" "M.Ryan" "Matt" "Ryan" "ATL" "QB" "5/17/85" "Boston College" ""
"3430" "00-0027812" "D.Watson" "Dekoda" "Watson" "DEN" "LB" "3/3/88" "Florida State" ""
"3431" "00-0027815" "M.Dodge" "Matt" "Dodge" "UNK" "UNK" "5/30/87" "East Carolina" ""
"3432" "00-0027362" "C.Brown" "Cornelius" "Brown" "UNK" "UNK" "2/26/88" "Texas-El Paso" ""
"3433" "00-0027361" "F.Barnes" "Freddie" "Barnes" "UNK" "UNK" "12/6/86" "Bowling Green State" ""
"3434" "00-0027816" "M.Mariani" "Marc" "Mariani" "CHI" "WR" "5/2/87" "Montana" ""
"3435" "00-0027819" "D.Dickerson" "Dorin" "Dickerson" "UNK" "UNK" "3/31/88" "Pittsburgh" ""
"3436" "00-0027818" "G.Selvie" "George" "Selvie" "UNK" "UNK" "3/6/87" "South Florida" ""
"3437" "00-0027369" "J.Saddler-McQueen" "Jimmy" "Saddler-McQueen" "UNK" "UNK" "8/4/87" "Texas A&M - Kingsville" ""
"3438" "00-0030079" "D.Taylor" "Devin" "Taylor" "DET" "DE" "11/15/89" "South Carolina" ""
"3439" "00-0030078" "J.Franklin" "Johnathan" "Franklin" "UNK" "UNK" "10/23/89" "UCLA" ""
"3440" "00-0022026" "B.Bollinger" "Brooks" "Bollinger" "UNK" "UNK" "11/15/79" "Wisconsin" ""
"3441" "00-0028041" "S.Acho" "Sam" "Acho" "CHI" "OLB" "9/6/88" "Texas" ""
"3442" "00-0028047" "C.McCarthy" "Colin" "McCarthy" "UNK" "UNK" "5/30/88" "Miami (Fla.)" ""
"3443" "00-0028046" "Q.Carter" "Quinton" "Carter" "UNK" "UNK" "7/20/88" "Oklahoma" ""
"3444" "00-0028517" "J.Chiles" "John" "Chiles" "UNK" "UNK" "10/9/88" "Texas" ""
"3445" "00-0028044" "C.Ballard" "Christian" "Ballard" "UNK" "UNK" "1/3/89" "Iowa" ""
"3446" "00-0028518" "J.Fayson" "Jarred" "Fayson" "UNK" "UNK" "10/13/87" "Illinois" ""
"3447" "00-0027368" "A.Robinson" "Antonio" "Robinson" "UNK" "UNK" "11/30/85" "Nicholls State" ""
"3448" "00-0031030" "" "Will" "Smith" "UNK" "UNK" "1/13/92" "Texas Tech" ""
"3449" "00-0031033" "D.Wright" "Demetrius" "Wright" "UNK" "UNK" "12/19/91" "USC" ""
"3450" "00-0031035" "" "Xavier" "Grimble" "PIT" "TE" "9/22/92" "USC" ""
"3451" "00-0031037" "" "Michael" "Carter" "UNK" "UNK" "4/22/91" "Minnesota" ""
"3452" "00-0031038" "D.Brim" "Derek" "Brim" "UNK" "UNK" "12/31/91" "Buffalo" ""
"3453" "00-0031039" "" "James" "Ferentz" "DEN" "C" "6/5/89" "Iowa" ""
"3454" "00-0032620" "" "A.J." "Hendy" "MIA" "DB" "4/8/93" "Maryland" ""
"3455" "00-0032621" "" "Rashawn" "Scott" "MIA" "WR" "1/29/92" "Miami (Fla.)" ""
"3456" "00-0032623" "" "Akil" "Blount" "UNK" "UNK" "7/2/94" "Florida A&M" ""
"3457" "00-0032624" "" "Ruben" "Carter" "UNK" "UNK" "12/1/92" "Toledo" ""
"3458" "00-0032625" "" "Brandon" "Shippen" "UNK" "UNK" "5/17/94" "Temple" ""
"3459" "00-0032626" "" "Geronimo" "Allison" "GB" "WR" "1/18/94" "Illinois" ""
"3460" "00-0032627" "" "James" "Burgess" "MIA" "ILB" "3/9/94" "Louisville" ""
"3461" "00-0032628" "" "Kentrell" "Brice" "GB" "DB" "8/11/94" "Louisiana Tech" ""
"3462" "00-0032629" "" "Beniquez" "Brown" "GB" "OLB" "4/29/93" "Mississippi State" ""
"3463" "00-0008241" "E.James" "Edgerrin" "James" "UNK" "UNK" "8/1/78" "Miami (Fla.)" ""
"3464" "00-0024437" "D.Shockley" "D.J." "Shockley" "UNK" "UNK" "3/23/83" "Georgia" ""
"3465" "00-0024434" "T.Adams" "Titus" "Adams" "UNK" "UNK" "1/28/83" "Nebraska" ""
"3466" "00-0024432" "T.Watkins" "Todd" "Watkins" "UNK" "UNK" "6/22/83" "Brigham Young" ""
"3467" "00-0022010" "N.Eason" "Nick" "Eason" "UNK" "UNK" "5/29/80" "Clemson" ""
"3468" "00-0019809" "T.Evans" "Troy" "Evans" "UNK" "UNK" "12/3/77" "Cincinnati" ""
"3469" "00-0030341" "D.Unamba" "Don" "Unamba" "UNK" "UNK" "2/23/89" "Southern Arkansas" ""
"3470" "00-0030343" "W.Murphy" "Will" "Murphy" "UNK" "UNK" "5/15/90" "Oregon" ""
"3471" "00-0030344" "" "Darren" "Keyton" "UNK" "UNK" "6/15/90" "Central Michigan" ""
"3472" "00-0030346" "D.Holmes" "Damien" "Holmes" "UNK" "UNK" "10/12/90" "UCLA" ""
"3473" "00-0029938" "J.Williams" "Jerodis" "Williams" "UNK" "UNK" "3/30/91" "Furman" ""
"3474" "00-0023379" "B.Rideau" "Brandon" "Rideau" "UNK" "UNK" "10/18/82" "Kansas" ""
"3475" "00-0025795" "N.McCaskill" "Nevin" "McCaskill" "UNK" "UNK" "12/29/83" "Hampton" ""
"3476" "00-0025790" "M.Washington" "Mark" "Washington" "UNK" "UNK" "8/20/85" "Texas State" ""
"3477" "00-0020543" "M.Light" "Matt" "Light" "UNK" "UNK" "6/23/78" "Purdue" ""
"3478" "00-0031843" "" "Ryan" "Delaire" "CAR" "DE" "1/17/92" "Towson" ""
"3479" "00-0031844" "" "Deshazor" "Everett" "WAS" "CB" "2/22/92" "Texas A&M" ""
"3480" "00-0031847" "" "Josh" "Keyes" "TB" "LB" "1/23/93" "Boston College" ""
"3481" "00-0031846" "" "Rannell" "Hall" "CLE" "WR" "1/30/93" "Central Florida" ""
"3482" "00-0026264" "J.Tryon" "Justin" "Tryon" "UNK" "UNK" "5/29/84" "Arizona State" ""
"3483" "00-0026261" "R.Bryant" "Red" "Bryant" "ARI" "DT" "4/18/84" "Texas A&M" ""
"3484" "00-0026260" "C.Steltz" "Craig" "Steltz" "UNK" "UNK" "5/7/86" "LSU" ""
"3485" "00-0030348" "K.Robinson" "Khiry" "Robinson" "NYJ" "RB" "12/28/89" "West Texas A&M" ""
"3486" "00-0032828" "" "Brandon" "Williams" "UNK" "UNK" "4/4/94" "Southern Illinois" ""
"3487" "00-0032829" "" "Frankie" "Williams" "IND" "CB" "3/28/93" "Purdue" ""
"3488" "00-0032826" "" "Shahbaz" "Ahmed" "PIT" "OG" "6/14/94" "Temple" ""
"3489" "00-0032827" "" "Leonard" "Wester" "TB" "OT" "1/3/93" "Missouri Western State" ""
"3490" "00-0032824" "" "David" "Glidden" "UNK" "UNK" "7/10/92" "Oklahoma State" ""
"3491" "00-0032822" "" "Trip" "Thurman" "CIN" "OG" "10/20/92" "Florida" ""
"3492" "00-0032823" "" "Corey" "Tindal" "UNK" "UNK" "10/12/91" "Marshall" ""
"3493" "00-0032820" "" "Terrance" "Smith" "KC" "ILB" "5/3/93" "Florida State" ""
"3494" "00-0031599" "" "Cameron" "Artis-Payne" "CAR" "RB" "6/23/90" "Auburn" ""
"3495" "00-0031598" "" "Nick" "Boyle" "BAL" "TE" "2/17/93" "Delaware" ""
"3496" "00-0031597" "" "Tye" "Smith" "SEA" "CB" "5/3/93" "Towson" ""
"3497" "00-0031596" "" "David" "Mayo" "CAR" "LB" "8/8/93" "Texas State" ""
"3498" "00-0031595" "" "Michael" "Burton" "DET" "FB" "2/1/92" "Rutgers" ""
"3499" "00-0031594" "" "Tony" "Lippett" "MIA" "DB" "7/2/92" "Michigan State" ""
"3500" "00-0031593" "" "Jarvis" "Harrison" "UNK" "UNK" "12/25/91" "Texas A&M" ""
"3501" "00-0031592" "" "David" "Parry" "IND" "NT" "3/7/92" "Stanford" ""
"3502" "00-0031590" "" "Jay" "Ajayi" "MIA" "RB" "6/15/93" "Boise State" ""
"3503" "00-0026779" "G.Isdaner" "Greg" "Isdaner" "UNK" "UNK" "2/25/87" "West Virginia" ""
"3504" "00-0026771" "J.Word-Daniels" "Jahi" "Word-Daniels" "UNK" "UNK" "11/19/86" "Georgia Tech" ""
"3505" "00-0026775" "R.Carpenter" "Rudy" "Carpenter" "UNK" "UNK" "4/15/86" "Arizona State" ""
"3506" "00-0027134" "C.Painter" "Curtis" "Painter" "UNK" "UNK" "6/24/85" "Purdue" ""
"3507" "00-0024537" "K.Quarterman" "Kurt" "Quarterman" "UNK" "UNK" "10/5/85" "Louisville" ""
"3508" "00-0024533" "R.Foster" "Renardo" "Foster" "UNK" "UNK" "7/15/84" "Louisville" ""
"3509" "00-0024532" "J.Vincent" "Justin" "Vincent" "UNK" "UNK" "1/25/83" "LSU" ""
"3510" "00-0024530" "K.Talavou" "Kelly" "Talavou" "UNK" "UNK" "10/4/84" "Utah" ""
"3511" "00-0030268" "" "Patrick" "Lewis" "BUF" "C" "1/30/91" "Texas A&M" ""
"3512" "00-0030269" "A.Pease" "Angelo" "Pease" "UNK" "UNK" "8/12/91" "Kansas State" ""
"3513" "00-0030266" "J.Wright" "Jeremy" "Wright" "UNK" "UNK" "1/28/91" "Louisville" ""
"3514" "00-0030264" "E.Sabino" "Etienne" "Sabino" "UNK" "UNK" "11/13/90" "Ohio State" ""
"3515" "00-0029241" "J.Francis" "Justin" "Francis" "UNK" "UNK" "2/8/89" "Rutgers" ""
"3516" "00-0025608" "T.McBride" "Trumaine" "McBride" "UNK" "UNK" "9/24/85" "Mississippi" ""
"3517" "00-0025609" "D.Schouman" "Derek" "Schouman" "UNK" "UNK" "3/11/85" "Boise State" ""
"3518" "00-0024609" "J.Holley" "Jesse" "Holley" "UNK" "UNK" "1/8/84" "North Carolina" ""
"3519" "00-0025602" "B.Patrick" "Ben" "Patrick" "UNK" "UNK" "8/23/84" "Delaware" ""
"3520" "00-0024607" "D.Coats" "Daniel" "Coats" "UNK" "UNK" "4/16/84" "Brigham Young" ""
"3521" "00-0025606" "K.Smith" "Kelvin" "Smith" "UNK" "UNK" "3/20/84" "Syracuse" ""
"3522" "00-0025607" "M.Mitchell" "Marvin" "Mitchell" "UNK" "UNK" "10/21/84" "Tennessee" ""
"3523" "00-0025604" "T.Thigpen" "Tyler" "Thigpen" "UNK" "UNK" "4/14/84" "Coastal Carolina" ""
"3524" "00-0025605" "Z.Diles" "Zac" "Diles" "UNK" "UNK" "6/11/85" "Kansas State" ""
"3525" "00-0033054" "" "Rico" "Gathers" "DAL" "TE" "1/7/94" "Baylor" ""
"3526" "00-0033056" "" "Cory" "James" "OAK" "OLB" "5/22/93" "Colorado State" ""
"3527" "00-0033057" "" "Jack" "Conklin" "TEN" "OT" "8/17/94" "Michigan State" ""
"3528" "00-0033050" "" "Xavien" "Howard" "MIA" "CB" "7/4/93" "Baylor" ""
"3529" "00-0033051" "" "David" "Onyemata" "NO" "DT" "11/13/92" "Manitoba (Canada)" ""
"3530" "00-0021279" "V.Haynes" "Verron" "Haynes" "UNK" "UNK" "2/17/79" "Georgia" ""
"3531" "00-0026558" "W.Turenne" "Woodny" "Turenne" "UNK" "UNK" "1/25/87" "Louisville" ""
"3532" "00-0026557" "W.Ta'ufo'ou" "Will" "Ta'ufo'ou" "UNK" "UNK" "6/19/86" "California" ""
"3533" "00-0026556" "M.Rivera" "Mike" "Rivera" "UNK" "UNK" "1/10/86" "Kansas" ""
"3534" "00-0026555" "E.Peterman" "Eric" "Peterman" "UNK" "UNK" "11/18/86" "Northwestern" ""
"3535" "00-0026554" "K.Malast" "Kevin" "Malast" "UNK" "UNK" "6/6/86" "Rutgers" ""
"3536" "00-0021273" "R.Royal" "Robert" "Royal" "UNK" "UNK" "5/15/79" "LSU" ""
"3537" "00-0033059" "" "T.J." "Green" "IND" "FS" "3/15/95" "Clemson" ""
"3538" "00-0029063" "M.Veldman" "Matt" "Veldman" "UNK" "UNK" "8/12/88" "North Dakota State" ""
"3539" "00-0003292" "K.Collins" "Kerry" "Collins" "UNK" "UNK" "12/30/72" "Penn State" ""
"3540" "00-0029868" "S.Dawson" "Skye" "Dawson" "UNK" "UNK" "12/2/90" "Texas Christian" ""
"3541" "00-0029202" "M.Adams" "Mike" "Adams" "CHI" "T" "3/10/90" "Ohio State" ""
"3542" "00-0023331" "M.Katula" "Matt" "Katula" "UNK" "UNK" "8/22/82" "Wisconsin" ""
"3543" "00-0029973" "A.Highsmith" "Alonzo" "Highsmith" "UNK" "UNK" "11/21/89" "Arkansas" ""
"3544" "00-0029975" "J.Kovacs" "Jordan" "Kovacs" "UNK" "UNK" "6/12/90" "Michigan" ""
"3545" "00-0029869" "W.Compton" "Will" "Compton" "WAS" "ILB" "9/19/89" "Nebraska" ""
"3546" "00-0029863" "J.Campbell" "Jordan" "Campbell" "UNK" "UNK" "6/29/88" "New Mexico Highlands" ""
"3547" "00-0029860" "E.Blake" "Emory" "Blake" "UNK" "UNK" "7/18/91" "Auburn" ""
"3548" "00-0029861" "A.Lapuaho" "Al" "Lapuaho" "UNK" "UNK" "8/4/91" "Utah State" ""
"3549" "00-0029866" "E.Ogbuehi" "Emmanuel" "Ogbuehi" "UNK" "UNK" "8/17/90" "Georgia State" ""
"3550" "00-0029867" "X.Nixon" "Xavier" "Nixon" "UNK" "UNK" "9/17/90" "Florida" ""
"3551" "00-0029864" "O.McCalebb" "Onterio" "McCalebb" "UNK" "UNK" "8/10/89" "Auburn" ""
"3552" "00-0025951" "D.Reynaud" "Darius" "Reynaud" "UNK" "UNK" "12/29/84" "West Virginia" ""
"3553" "00-0025959" "J.Fields" "Joe" "Fields" "UNK" "UNK" "10/5/85" "Syracuse" ""
"3554" "00-0026959" "M.Mitchell" "Marko" "Mitchell" "UNK" "UNK" "3/11/85" "Nevada" ""
"3555" "00-0026958" "N.Schommer" "Nick" "Schommer" "UNK" "UNK" "1/3/86" "North Dakota State" ""
"3556" "00-0027608" "K.Williams" "Kyle" "Williams" "UNK" "UNK" "7/19/88" "Arizona State" ""
"3557" "00-0027609" "J.Webb" "J'Marcus" "Webb" "SEA" "OT" "8/8/88" "West Texas A&M" ""
"3558" "00-0027604" "J.Moore" "Joshua" "Moore" "UNK" "UNK" "8/20/88" "Kansas State" ""
"3559" "00-0027605" "D.LeFevour" "Dan" "LeFevour" "UNK" "UNK" "3/19/87" "Central Michigan" ""
"3560" "00-0027606" "T.Holliday" "Trindon" "Holliday" "UNK" "UNK" "4/27/86" "LSU" ""
"3561" "00-0027607" "T.Larsen" "Ted" "Larsen" "CHI" "C" "6/13/87" "North Carolina State" ""
"3562" "00-0027602" "G.Harrell" "Graham" "Harrell" "UNK" "UNK" "5/22/85" "Texas Tech" ""
"3563" "00-0027603" "C.Wootton" "Corey" "Wootton" "UNK" "UNK" "6/22/87" "Northwestern" ""
"3564" "00-0020384" "W.James" "William" "James" "UNK" "UNK" "6/15/79" "Western Illinois" ""
"3565" "00-0020380" "K.Jenkins" "Kris" "Jenkins" "UNK" "UNK" "8/3/79" "Maryland" ""
"3566" "00-0031208" "C.McCain" "Chris" "McCain" "NO" "DE" "11/21/91" "California" ""
"3567" "00-0031207" "" "Brock" "Jensen" "UNK" "UNK" "9/19/90" "North Dakota State" ""
"3568" "00-0023652" "R.Wilson" "Rod" "Wilson" "UNK" "UNK" "11/12/81" "South Carolina" ""
"3569" "00-0031203" "C.Santos" "Cairo" "Santos" "KC" "K" "11/12/91" "Tulane" ""
"3570" "00-0023655" "M.Maxwell" "Marcus" "Maxwell" "UNK" "UNK" "7/8/83" "Oregon" ""
"3571" "00-0023654" "N.Broughton" "Nehemiah" "Broughton" "UNK" "UNK" "11/4/82" "The Citadel" ""
"3572" "00-0026566" "I.Redman" "Isaac" "Redman" "UNK" "UNK" "11/10/84" "Bowie State" ""
"3573" "00-0026295" "T.Williams" "Thomas" "Williams" "UNK" "UNK" "12/25/84" "USC" ""
"3574" "00-0032016" "" "SaQwan" "Edwards" "OAK" "DB" "5/13/92" "New Mexico" ""
"3575" "00-0032014" "" "Travell" "Dixon" "CAR" "DB" "2/17/91" "Washington" ""
"3576" "00-0032013" "" "Mitchell" "Bell" "OAK" "OG" "9/12/92" "Louisiana Tech" ""
"3577" "00-0032012" "" "Isaac" "Fruechte" "MIN" "WR" "3/7/91" "Minnesota" ""
"3578" "00-0026290" "B.Giacomini" "Breno" "Giacomini" "NYJ" "T" "9/27/85" "Louisville" ""
"3579" "00-0026293" "M.Slater" "Matthew" "Slater" "NE" "WR" "9/9/85" "UCLA" ""
"3580" "00-0000741" "R.Barber" "Ronde" "Barber" "UNK" "UNK" "4/7/75" "Virginia" ""
"3581" "00-0026079" "G.Lawson" "Gerard" "Lawson" "UNK" "UNK" "1/12/85" "Oregon State" ""
"3582" "00-0030871" "G.Smith" "Garrison" "Smith" "SF" "DT" "10/9/91" "Georgia" ""
"3583" "00-0030870" "T.Mims" "Tevin" "Mims" "UNK" "UNK" "1/23/91" "South Florida" ""
"3584" "00-0030875" "A.Wilson" "Andrew" "Wilson" "UNK" "UNK" "2/7/91" "Missouri" ""
"3585" "00-0030821" "A.Hurns" "Allen" "Hurns" "UNK" "UNK" "11/12/91" "Miami (Fla.)" ""
"3586" "00-0030822" "M.Jensen" "Marcel" "Jensen" "WAS" "TE" "2/12/90" "Fresno State" ""
"3587" "00-0023313" "I.Ekejiuba" "Isaiah" "Ekejiuba" "UNK" "UNK" "10/5/81" "Virginia" ""
"3588" "00-0021943" "F.Walker" "Frank" "Walker" "UNK" "UNK" "8/6/81" "Tuskegee" ""
"3589" "00-0024389" "D.Walker" "Delanie" "Walker" "TEN" "TE" "8/12/84" "Central Missouri State" ""
"3590" "00-0030158" "R.Lohr" "Rob" "Lohr" "UNK" "UNK" "3/1/90" "Vanderbilt" ""
"3591" "00-0030154" "F.Hammond" "Frankie" "Hammond" "KC" "WR" "2/17/90" "Florida" ""
"3592" "00-0030155" "D.Harris" "Demetrius" "Harris" "KC" "TE" "7/29/91" "Wis.-Milwaukee" ""
"3593" "00-0024382" "O.Gaither" "Omar" "Gaither" "UNK" "UNK" "3/18/84" "Tennessee" ""
"3594" "00-0030157" "" "Colin" "Kelly" "SF" "OT" "12/29/89" "Oregon State" ""
"3595" "00-0030151" "T.Bray" "Tyler" "Bray" "KC" "QB" "12/27/91" "Tennessee" ""
"3596" "00-0022922" "K.Winslow" "Kellen" "Winslow" "UNK" "UNK" "7/21/83" "Miami (Fla.)" ""
"3597" "00-0022923" "D.Hall" "DeAngelo" "Hall" "WAS" "SS" "11/19/83" "Virginia Tech" ""
"3598" "00-0022921" "L.Fitzgerald" "Larry" "Fitzgerald" "ARI" "WR" "8/31/83" "Pittsburgh" ""
"3599" "00-0022927" "K.Dansby" "Karlos" "Dansby" "CIN" "LB" "11/3/81" "Auburn" ""
"3600" "00-0022924" "B.Roethlisberger" "Ben" "Roethlisberger" "PIT" "QB" "3/2/82" "Miami (Ohio)" ""
"3601" "00-0028432" "L.Ajiboye" "Ladi" "Ajiboye" "UNK" "UNK" "9/15/87" "South Carolina" ""
"3602" "00-0028433" "P.Allen" "Pierre" "Allen" "UNK" "UNK" "11/18/87" "Nebraska" ""
"3603" "00-0028924" "T.Gipson" "Tashaun" "Gipson" "UNK" "UNK" "8/7/90" "Wyoming" ""
"3604" "00-0028437" "J.Gold" "John" "Gold" "UNK" "UNK" "3/22/88" "Texas" ""
"3605" "00-0028434" "D.Baldwin" "Doug" "Baldwin" "SEA" "WR" "9/21/88" "Stanford" ""
"3606" "00-0028435" "D.Boyce" "Dorson" "Boyce" "UNK" "UNK" "6/25/88" "Washington" ""
"3607" "00-0028385" "K.Charles" "Kenneth" "Charles" "UNK" "UNK" "2/23/89" "Stephen F. Austin St." ""
"3608" "00-0028438" "J.Hoffman" "Jesse" "Hoffman" "UNK" "UNK" "1/18/88" "Eastern Washington" ""
"3609" "00-0028439" "" "Michael" "Huey" "UNK" "UNK" "9/28/88" "Texas" ""
"3610" "00-0028381" "J.Posey" "Julian" "Posey" "UNK" "UNK" "7/17/88" "Ohio U." ""
"3611" "00-0028382" "T.Bellamy" "Travon" "Bellamy" "UNK" "UNK" "1/11/88" "Illinois" ""
"3612" "00-0028383" "B.Browning" "Bryant" "Browning" "UNK" "UNK" "6/26/88" "Ohio State" ""
"3613" "00-0029527" "L.Holmes" "Lamar" "Holmes" "UNK" "UNK" "7/8/89" "Southern Mississippi" ""
"3614" "00-0029526" "B.Hardin" "Brandon" "Hardin" "UNK" "UNK" "10/30/89" "Oregon State" ""
"3615" "00-0029525" "B.Taylor" "Brandon" "Taylor" "UNK" "UNK" "1/29/90" "LSU" ""
"3616" "00-0029524" "J.Allen" "Jeff" "Allen" "HOU" "OG" "1/8/90" "Illinois" ""
"3617" "00-0029522" "C.White" "Cody" "White" "UNK" "UNK" "7/1/88" "Illinois State" ""
"3618" "00-0029521" "T.Robertson" "Tracy" "Robertson" "UNK" "UNK" "9/26/89" "Baylor" ""
"3619" "00-0026890" "R.Kees" "Ryan" "Kees" "UNK" "UNK" "4/2/86" "St. Cloud State" ""
"3620" "00-0026891" "P.Douglass" "Parker" "Douglass" "UNK" "UNK" "6/25/85" "South Dakota State" ""
"3621" "00-0026896" "E.Gant" "Ed" "Gant" "UNK" "UNK" "1/24/87" "North Alabama" ""
"3622" "00-0026895" "A.DiMichele" "Adam" "DiMichele" "UNK" "UNK" "7/26/85" "Temple" ""
"3623" "00-0026898" "M.Sanchez" "Mark" "Sanchez" "DEN" "QB" "11/11/86" "USC" ""
"3624" "00-0026899" "S.Greene" "Shonn" "Greene" "UNK" "UNK" "8/21/85" "Iowa" ""
"3625" "00-0030014" "O.Hines" "Omarius" "Hines" "UNK" "UNK" "12/18/89" "Florida" ""
"3626" "00-0030011" "" "Jordan" "Devey" "KC" "OT" "1/11/88" "Memphis" ""
"3627" "00-0029520" "E.Pleasant" "Eddie" "Pleasant" "HOU" "DB" "12/17/88" "Oregon" ""
"3628" "00-0029529" "C.Sensabaugh" "Coty" "Sensabaugh" "UNK" "UNK" "11/15/88" "Clemson" ""
"3629" "00-0029528" "B.Massie" "Bobby" "Massie" "CHI" "T" "8/1/89" "Mississippi" ""
"3630" "00-0028656" "C.Spann" "Chad" "Spann" "UNK" "UNK" "8/4/88" "Northern Illinois" ""
"3631" "00-0032978" "" "Trey" "Caldwell" "CLE" "DB" "12/4/93" "Louisiana-Monroe" ""
"3632" "00-0028654" "K.Neal" "Kerry" "Neal" "UNK" "UNK" "8/30/88" "Notre Dame" ""
"3633" "00-0028655" "O.Ogbu" "Ollie" "Ogbu" "UNK" "UNK" "5/18/87" "Penn State" ""
"3634" "00-0028652" "L.Moore" "Larrone" "Moore" "UNK" "UNK" "10/4/87" "Delaware State" ""
"3635" "00-0028653" "A.Moten" "Adrian" "Moten" "UNK" "UNK" "4/22/88" "Maryland" ""
"3636" "00-0028650" "J.Lefeged" "Joe" "Young" "UNK" "UNK" "6/2/88" "Rutgers" ""
"3637" "00-0028651" "M.McNeill" "Mike" "McNeill" "UNK" "UNK" "3/7/88" "Nebraska" ""
"3638" "00-0028441" "J.Johnson" "Jeron" "Johnson" "KC" "DB" "6/12/88" "Boise State" ""
"3639" "00-0028659" "N.Williams" "Narada" "Williams" "UNK" "UNK" "5/17/86" "Fort Valley State" ""
"3640" "00-0030569" "S.Renfree" "Sean" "Renfree" "UNK" "UNK" "4/28/90" "Duke" ""
"3641" "00-0030568" "T.Wilson" "Tyler" "Wilson" "UNK" "UNK" "8/16/89" "Arkansas" ""
"3642" "00-0030565" "G.Smith" "Geno" "Smith" "NYJ" "QB" "10/10/90" "West Virginia" ""
"3643" "00-0030564" "D.Hopkins" "DeAndre" "Hopkins" "HOU" "WR" "6/6/92" "Clemson" ""
"3644" "00-0030562" "D.Trufant" "Desmond" "Trufant" "ATL" "CB" "9/10/90" "Washington" ""
"3645" "00-0025389" "C.Johnson" "Calvin" "Johnson" "UNK" "UNK" "9/29/85" "Georgia Tech" ""
"3646" "00-0025388" "J.Russell" "JaMarcus" "Russell" "UNK" "UNK" "8/9/85" "LSU" ""
"3647" "00-0029383" "C.Quarles" "Cyhl" "Quarles" "UNK" "UNK" "4/6/89" "Wake Forest" ""
"3648" "00-0029382" "N.Provo" "Nick" "Provo" "UNK" "UNK" "10/4/88" "Syracuse" ""
"3649" "00-0032976" "" "Spencer" "Drango" "CLE" "OG" "10/15/92" "Baylor" ""
"3650" "00-0029384" "B.Rainey" "Bobby" "Rainey" "NYG" "RB" "10/16/87" "Western Kentucky" ""
"3651" "00-0029389" "P.Bates" "Phil" "Bates" "UNK" "UNK" "9/20/89" "Ohio U." ""
"3652" "00-0029388" "D.Thompson" "Deonte" "Thompson" "CHI" "WR" "2/14/89" "Florida" ""
"3653" "00-0019276" "S.O'Hara" "Shaun" "O'Hara" "UNK" "UNK" "6/23/77" "Rutgers" ""
"3654" "00-0031788" "" "Matt" "Lengel" "CIN" "TE" "12/27/90" "Eastern Kentucky" ""
"3655" "00-0020406" "M.Gandy" "Mike" "Gandy" "UNK" "UNK" "1/3/79" "Notre Dame" ""
"3656" "00-0029951" "R.Otten" "Ryan" "Otten" "UNK" "UNK" "4/7/90" "San Jose State" ""
"3657" "00-0031862" "" "Taiwan" "Jones" "NYJ" "LB" "12/1/93" "Michigan State" ""
"3658" "00-0031866" "" "Jordan" "Williams" "MIA" "DE" "3/23/93" "Tennessee" ""
"3659" "00-0031865" "" "Davon" "Walls" "UNK" "UNK" "10/18/90" "Lincoln (MO)" ""
"3660" "00-0031864" "" "Wes" "Saxton" "NYJ" "TE" "8/13/93" "South Alabama" ""
"3661" "00-0005755" "J.Garcia" "Jeff" "Garcia" "UNK" "UNK" "2/24/70" "San Jose State" ""
"3662" "00-0022409" "J.Babineaux" "Jordan" "Babineaux" "UNK" "UNK" "8/31/82" "Southern Arkansas" ""
"3663" "00-0031780" "" "Micah" "Hatchie" "UNK" "UNK" "5/15/92" "Washington" ""
"3664" "00-0031787" "" "Jake" "Kumerow" "CIN" "WR" "2/17/92" "Wis.-Whitewater" ""
"3665" "00-0031785" "" "Troy" "Hill" "UNK" "UNK" "8/29/91" "Oregon" ""
"3666" "00-0026126" "D.Roach" "David" "Roach" "UNK" "UNK" "8/9/85" "Texas Christian" ""
"3667" "00-0026123" "E.Moore" "Evan" "Moore" "UNK" "UNK" "1/3/85" "Stanford" ""
"3668" "00-0026121" "L.Hamilton" "Lynell" "Hamilton" "UNK" "UNK" "8/5/85" "San Diego State" ""
"3669" "00-0027839" "K.Weston" "Kade" "Weston" "UNK" "UNK" "11/29/86" "Georgia" ""
"3670" "00-0027838" "B.Deaderick" "Brandon" "Deaderick" "BUF" "DE" "8/19/87" "Alabama" ""
"3671" "00-0019310" "R.Lindell" "Rian" "Lindell" "UNK" "UNK" "1/20/77" "Washington State" ""
"3672" "00-0027833" "D.Worthington" "Doug" "Worthington" "UNK" "UNK" "8/10/87" "Ohio State" ""
"3673" "00-0027832" "D.Howard" "David" "Howard" "UNK" "UNK" "8/31/87" "Brown" ""
"3674" "00-0027831" "K.Conner" "Kavell" "Conner" "UNK" "UNK" "2/23/87" "Clemson" ""
"3675" "00-0027830" "S.Canfield" "Sean" "Canfield" "UNK" "UNK" "11/12/86" "Oregon State" ""
"3676" "00-0027837" "R.Fisher" "Ray" "Fisher" "UNK" "UNK" "9/12/87" "Indiana" ""
"3677" "00-0027836" "J.Konz" "Jameson" "Konz" "UNK" "UNK" "7/2/86" "Kent State" ""
"3678" "00-0027835" "K.Coleman" "Kurt" "Coleman" "CAR" "FS" "4/1/88" "Ohio State" ""
"3679" "00-0026417" "J.Nading" "Jesse" "Nading" "UNK" "UNK" "7/3/85" "Colorado State" ""
"3680" "00-0005058" "A.Faneca" "Alan" "Faneca" "UNK" "UNK" "12/7/76" "LSU" ""
"3681" "00-0024418" "L.Ramsey" "LaJuan" "Ramsey" "UNK" "UNK" "3/19/84" "USC" ""
"3682" "00-0024410" "K.Golston" "Kedric" "Golston" "WAS" "DE" "5/30/83" "Georgia" ""
"3683" "00-0024413" "C.Johnson" "Charlie" "Johnson" "UNK" "UNK" "5/2/84" "Oklahoma State" ""
"3684" "00-0024414" "T.Reed" "Tyler" "Reed" "UNK" "UNK" "10/6/82" "Penn State" ""
"3685" "00-0023803" "R.Ortiz" "Robert" "Ortiz" "UNK" "UNK" "5/30/83" "San Diego State" ""
"3686" "00-0024417" "S.Koch" "Sam" "Koch" "BAL" "P" "8/13/82" "Nebraska" ""
"3687" "00-0030369" "E.Harper" "Eric" "Harper" "UNK" "UNK" "10/29/87" "Grambling State" ""
"3688" "00-0030368" "C.Casey" "Chance" "Casey" "UNK" "UNK" "3/11/91" "Baylor" ""
"3689" "00-0019863" "D.Rhodes" "Dominic" "Rhodes" "UNK" "UNK" "1/17/79" "Midwestern State" ""
"3690" "00-0030363" "G.Castillo" "Greg" "Castillo" "UNK" "UNK" "5/3/90" "Iowa" ""
"3691" "00-0022712" "V.Wilfork" "Vince" "Wilfork" "HOU" "NT" "11/4/81" "Miami (Fla.)" ""
"3692" "00-0022714" "K.Wilson" "Kris" "Wilson" "UNK" "UNK" "8/22/81" "Pittsburgh" ""
"3693" "00-0009173" "P.Kerney" "Patrick" "Kerney" "UNK" "UNK" "12/30/76" "Virginia" ""
"3694" "00-0021956" "A.Samuel" "Asante" "Samuel" "UNK" "UNK" "1/6/81" "Central Florida" ""
"3695" "00-0030106" "Chr. Jones" "Chris" "Jones" "MIA" "DT" "7/12/90" "Bowling Green State" ""
"3696" "00-0010609" "B.Maynard" "Brad" "Maynard" "UNK" "UNK" "2/9/74" "Ball State" ""
"3697" "00-0031269" "T.Carrie" "T.J." "Carrie" "OAK" "SS" "7/28/90" "Ohio U." ""
"3698" "00-0031268" "W.Powell" "Walt" "Powell" "BUF" "WR" "11/23/91" "Murray State" ""
"3699" "00-0031261" "" "Tre" "Boston" "CAR" "FS" "6/25/92" "North Carolina" ""
"3700" "00-0031265" "E.Stinson" "Ed" "Stinson" "ARI" "DE" "2/15/90" "Alabama" ""
"3701" "00-0030099" "" "William" "Campbell" "UNK" "UNK" "7/6/91" "Michigan" ""
"3702" "00-0030098" "D.Hopkins" "Dustin" "Hopkins" "WAS" "K" "10/1/90" "Florida State" ""
"3703" "00-0030095" "C.Fuller" "Corey" "Fuller" "DET" "WR" "6/23/90" "Virginia Tech" ""
"3704" "00-0030094" "E.Kush" "Eric" "Kush" "UNK" "UNK" "9/9/89" "California (PA)" ""
"3705" "00-0030097" "" "David" "Quessenberry" "UNK" "UNK" "8/24/90" "San Jose State" ""
"3706" "00-0030096" "V.Painter" "Vinston" "Painter" "WAS" "OG" "10/11/89" "Virginia Tech" ""
"3707" "00-0030091" "T.King" "Tavarres" "King" "NYG" "WR" "7/14/90" "Georgia" ""
"3708" "00-0030090" "M.Hyde" "Micah" "Hyde" "GB" "SS" "12/31/90" "Iowa" ""
"3709" "00-0030093" "J.Boyd" "Josh" "Boyd" "UNK" "UNK" "8/3/89" "Mississippi State" ""
"3710" "00-0030092" "S.Martin" "Sam" "Martin" "DET" "P" "2/27/90" "Appalachian State" ""
"3711" "00-0020245" "M.Vick" "Mike" "Vick" "UNK" "UNK" "6/26/80" "Virginia Tech" ""
"3712" "00-0014375" "J.Saturday" "Jeff" "Saturday" "UNK" "UNK" "6/18/75" "North Carolina" ""
"3713" "00-0010500" "D.Mason" "Derrick" "Mason" "UNK" "UNK" "1/17/74" "Michigan State" ""
"3714" "00-0031418" "A.Seferian-Jenkins" "Austin" "Seferian-Jenkins" "TB" "TE" "9/29/92" "Washington" ""
"3715" "00-0031419" "K.Fogg" "Kevin" "Fogg" "UNK" "UNK" "10/6/90" "Liberty" ""
"3716" "00-0031412" "S.Tuitt" "Stephon" "Tuitt" "PIT" "DE" "5/23/93" "Notre Dame" ""
"3717" "00-0031413" "B.Sankey" "Bishop" "Sankey" "TEN" "RB" "9/15/92" "Washington" ""
"3718" "00-0031410" "" "Xavier" "Su'a-Filo" "HOU" "G" "1/1/91" "UCLA" ""
"3719" "00-0031411" "" "Demarcus" "Lawrence" "DAL" "DE" "4/28/92" "Boise State" ""
"3720" "00-0031417" "" "Ja'Wuan" "James" "MIA" "T" "6/3/92" "Tennessee" ""
"3721" "00-0031414" "D.McDougle" "Dexter" "McDougle" "NYJ" "CB" "4/8/91" "Maryland" ""
"3722" "00-0031415" "J.Hall" "Jordan" "Hall" "UNK" "UNK" "7/2/91" "Ohio State" ""
"3723" "00-0032208" "" "Phillip" "Dorsett" "IND" "WR" "1/5/93" "Miami (Fla.)" ""
"3724" "00-0032209" "" "T.J." "Yeldon" "UNK" "UNK" "10/2/93" "Alabama" ""
"3725" "00-0032203" "" "Andrus" "Peat" "NO" "OG" "11/4/93" "Stanford" ""
"3726" "00-0032200" "" "Ty" "Montgomery" "GB" "WR" "1/22/93" "Stanford" ""
"3727" "00-0032201" "" "Ben" "Heeney" "OAK" "OLB" "5/13/92" "Kansas" ""
"3728" "00-0032204" "" "Chaz" "Green" "DAL" "OT" "4/8/92" "Florida" ""
"3729" "00-0032205" "" "Neiron" "Ball" "OAK" "OLB" "8/20/92" "Florida" ""
"3730" "00-0032801" "" "Daniel" "Braverman" "CHI" "WR" "9/28/93" "Western Michigan" ""
"3731" "00-0032802" "" "Steven" "Daniels" "WAS" "ILB" "12/12/92" "Boston College" ""
"3732" "00-0029895" "" "Ryan" "Jensen" "BAL" "OG" "5/27/91" "Colorado State-Pueblo" ""
"3733" "00-0029670" "M.Barron" "Mark" "Barron" "UNK" "UNK" "10/27/89" "Alabama" ""
"3734" "00-0028942" "D.Ihenacho" "Duke" "Ihenacho" "WAS" "SS" "6/16/89" "San Jose State" ""
"3735" "00-0028943" "S.Johnson" "Steven" "Johnson" "PIT" "LB" "3/28/88" "Kansas" ""
"3736" "00-0019484" "S.Morris" "Sammy" "Morris" "UNK" "UNK" "3/23/77" "Texas Tech" ""
"3737" "00-0032804" "" "Daniel" "Lasco" "NO" "RB" "10/9/92" "California" ""
"3738" "00-0032805" "" "Alex" "McCalister" "PHI" "DE" "10/17/93" "Florida" ""
"3739" "00-0032806" "" "Keith" "Marshall" "WAS" "RB" "2/16/94" "Georgia" ""
"3740" "00-0032807" "" "Clayton" "Fejedelem" "CIN" "SAF" "6/2/93" "Illinois" ""
"3741" "00-0032808" "" "Zac" "Brooks" "UNK" "UNK" "2/1/93" "Clemson" ""
"3742" "00-0032809" "" "Joe" "Walker" "PHI" "ILB" "12/11/92" "Oregon" ""
"3743" "00-0020653" "K.Pearson" "Kalvin" "Pearson" "UNK" "UNK" "10/22/78" "Grambling State" ""
"3744" "00-0031571" "" "Clayton" "Geathers" "IND" "SS" "6/1/92" "Central Florida" ""
"3745" "00-0031570" "" "Justin" "Hardy" "ATL" "WR" "12/18/91" "East Carolina" ""
"3746" "00-0031573" "" "Tre" "Jackson" "NE" "OG" "12/14/92" "Florida State" ""
"3747" "00-0031572" "" "T.J." "Clemmings" "MIN" "OT" "11/18/91" "Pittsburgh" ""
"3748" "00-0031577" "" "Javorius" "Allen" "BAL" "RB" "8/27/91" "USC" ""
"3749" "00-0031579" "" "Terry" "Poole" "SEA" "OT" "2/27/92" "San Diego State" ""
"3750" "00-0027536" "E.Reid" "E.J." "Reid" "UNK" "UNK" "9/14/86" "Mary" ""
"3751" "00-0027537" "A.Thompson" "Antoine" "Thompson" "UNK" "UNK" "10/3/87" "Nevada" ""
"3752" "00-0027532" "J.Ross" "Jay" "Ross" "UNK" "UNK" "10/3/87" "East Carolina" ""
"3753" "00-0027530" "R.Hamilton" "Ryan" "Hamilton" "UNK" "UNK" "2/16/87" "Vanderbilt" ""
"3754" "00-0027531" "C.Ivory" "Chris" "Ivory" "UNK" "UNK" "3/22/88" "Tiffin University" ""
"3755" "00-0026719" "M.Lucky" "Marlon" "Lucky" "UNK" "UNK" "2/28/86" "Nebraska" ""
"3756" "00-0026715" "G.Williams" "Garry" "Williams" "CHI" "T" "8/20/86" "Kentucky" ""
"3757" "00-0026714" "N.Sundberg" "Nick" "Sundberg" "WAS" "LS" "7/29/87" "California" ""
"3758" "00-0026716" "Q.Cosby" "Quan" "Cosby" "UNK" "UNK" "12/23/82" "Texas" ""
"3759" "00-0026711" "J.Lee" "Jamall" "Lee" "UNK" "UNK" "3/13/87" "Bishop" ""
"3760" "00-0026713" "A.Scirrotto" "Anthony" "Scirrotto" "UNK" "UNK" "10/21/86" "Penn State" ""
"3761" "00-0026712" "B.Miller" "Brit" "Miller" "UNK" "UNK" "9/15/86" "Illinois" ""
"3762" "00-0029260" "L.James" "LaMichael" "James" "UNK" "UNK" "10/22/89" "Oregon" ""
"3763" "00-0029261" "C.Hayward" "Casey" "Hayward" "SD" "DB" "9/9/89" "Vanderbilt" ""
"3764" "00-0029262" "R.Randle" "Rueben" "Randle" "UNK" "UNK" "5/7/91" "LSU" ""
"3765" "00-0029263" "R.Wilson" "Russell" "Wilson" "SEA" "QB" "11/29/88" "Wisconsin" ""
"3766" "00-0029264" "B.Pierce" "Bernard" "Pierce" "UNK" "UNK" "5/10/91" "Temple" ""
"3767" "00-0029265" "D.Bentley" "Dwight" "Bentley" "UNK" "UNK" "5/16/89" "Louisiana-Lafayette" ""
"3768" "00-0029266" "J.Hughes" "John" "Hughes" "CLE" "DE" "4/27/88" "Cincinnati" ""
"3769" "00-0029267" "J.Hosley" "Jayron" "Hosley" "UNK" "UNK" "9/18/90" "Virginia Tech" ""
"3770" "00-0029268" "G.Gradkowski" "Gino" "Gradkowski" "CAR" "C" "11/5/88" "Delaware" ""
"3771" "00-0029269" "T.Benjamin" "Travis" "Benjamin" "SD" "WR" "12/29/89" "Miami (Fla.)" ""
"3772" "00-0030958" "B.Malena" "Ben" "Malena" "UNK" "UNK" "5/29/92" "Texas A&M" ""
"3773" "00-0029678" "D.DeCastro" "David" "DeCastro" "PIT" "G" "1/11/90" "Stanford" ""
"3774" "00-0030810" "" "Micajah" "Reynolds" "UNK" "UNK" "1/24/90" "Michigan State" ""
"3775" "00-0030813" "L.Virgil" "Lawrence" "Virgil" "UNK" "UNK" "1/20/91" "Valdosta State" ""
"3776" "00-0030812" "C.Uzo-Diribe" "Chidera" "Uzo-Diribe" "UNK" "UNK" "5/30/92" "Colorado" ""
"3777" "00-0019213" "L.Paxton" "Lonie" "Paxton" "UNK" "UNK" "3/13/78" "Sacramento State" ""
"3778" "00-0027329" "J.Joseph" "Joe" "Joseph" "UNK" "UNK" "10/20/85" "Miami (Fla.)" ""
"3779" "00-0027328" "S.Johnson" "Stafon" "Johnson" "UNK" "UNK" "2/6/88" "USC" ""
"3780" "00-0030959" "C.Mandell" "Cody" "Mandell" "UNK" "UNK" "4/7/92" "Alabama" ""
"3781" "00-0025629" "K.Dawson" "Keyunta" "Dawson" "UNK" "UNK" "9/13/85" "Texas Tech" ""
"3782" "00-0025624" "A.Ball" "Alan" "Ball" "UNK" "UNK" "3/29/85" "Illinois" ""
"3783" "00-0025626" "C.Ah You" "C.J. Ah" "You" "UNK" "UNK" "7/7/82" "Oklahoma" ""
"3784" "00-0025627" "B.Siler" "Brandon" "Siler" "UNK" "UNK" "12/5/85" "Florida" ""
"3785" "00-0025620" "C.Williams" "Chandler" "Williams" "UNK" "UNK" "8/9/85" "Florida International" ""
"3786" "00-0025621" "S.Steptoe" "Syndric" "Steptoe" "UNK" "UNK" "12/6/84" "Arizona" ""
"3787" "00-0025622" "C.Stuckey" "Chansi" "Stuckey" "UNK" "UNK" "10/4/83" "Clemson" ""
"3788" "00-0022483" "J.Rader" "Jason" "Rader" "UNK" "UNK" "4/12/81" "Marshall" ""
"3789" "00-0022484" "J.Foschi" "J.P." "Foschi" "UNK" "UNK" "5/19/82" "Georgia Tech" ""
"3790" "00-0033038" "" "Eric" "Murray" "KC" "CB" "1/7/94" "Minnesota" ""
"3791" "00-0033039" "" "Christian" "Westerman" "CIN" "OG" "2/23/93" "Arizona State" ""
"3792" "00-0033037" "" "Adolphus" "Washington" "BUF" "DT" "11/24/92" "Ohio State" ""
"3793" "00-0033034" "" "Miles" "Shuler" "UNK" "UNK" "9/26/93" "Northwestern" ""
"3794" "00-0033035" "" "Jalen" "Simmons" "CAR" "RB" "4/1/92" "South Carolina State" ""
"3795" "00-0033032" "" "Braxton" "Deaver" "UNK" "UNK" "5/8/92" "Duke" ""
"3796" "00-0033033" "" "Jordan" "Rigsbee" "CAR" "OG" "3/5/93" "California" ""
"3797" "00-0033030" "" "Nila" "Kasitati" "WAS" "OG" "4/25/93" "Oklahoma" ""
"3798" "00-0033031" "" "Jared" "Barber" "UNK" "UNK" "10/20/92" "West Virginia" ""
"3799" "00-0031053" "J.Saunders" "Jalen" "Saunders" "UNK" "UNK" "9/30/92" "Oklahoma" ""
"3800" "00-0021297" "J.Hartwig" "Justin" "Hartwig" "UNK" "UNK" "11/21/78" "Kansas" ""
"3801" "00-0021296" "J.O'Sullivan" "J.T." "O'Sullivan" "UNK" "UNK" "8/25/79" "California-Davis" ""
"3802" "00-0028450" "V.Agnew" "Vince" "Agnew" "UNK" "UNK" "12/28/87" "Central Michigan" ""
"3803" "00-0029848" "N.Williams" "Nick" "Williams" "ATL" "WR" "11/23/90" "Connecticut" ""
"3804" "00-0027443" "H.Lawrence" "Hunter" "Lawrence" "UNK" "UNK" "6/28/88" "Texas" ""
"3805" "00-0027440" "S.Shields" "Sam" "Shields" "GB" "CB" "12/8/87" "Miami (Fla.)" ""
"3806" "00-0027441" "C.West" "Chastin" "West" "UNK" "UNK" "5/1/87" "Fresno State" ""
"3807" "00-0027998" "B.Harris" "Brandon" "Harris" "UNK" "UNK" "1/24/90" "Miami (Fla.)" ""
"3808" "00-0027999" "J.Mouton" "Jonas" "Mouton" "UNK" "UNK" "3/17/88" "Michigan" ""
"3809" "00-0012478" "T.Owens" "Terrell" "Owens" "UNK" "UNK" "12/7/73" "Tennessee-Chattanooga" ""
"3810" "00-0029756" "L.Mady" "Lamar" "Mady" "UNK" "UNK" "12/13/90" "Youngstown State" ""
"3811" "00-0030386" "W.Gholston" "William" "Gholston" "TB" "DE" "7/31/91" "Michigan State" ""
"3812" "00-0030380" "B.Mayowa" "Benson" "Mayowa" "DAL" "DE" "8/3/91" "Idaho" ""
"3813" "00-0030383" "D.Harmon" "Duron" "Harmon" "NE" "FS" "1/24/91" "Rutgers" ""
"3814" "00-0030382" "K.Minter" "Kevin" "Minter" "ARI" "MLB" "12/3/90" "LSU" ""
"3815" "00-0030389" "" "Tanner" "Hawkinson" "UNK" "UNK" "5/14/90" "Kansas" ""
"3816" "00-0027444" "D.Hardman" "Derek" "Hardman" "UNK" "UNK" "9/13/86" "Eastern Kentucky" ""
"3817" "00-0027445" "J.Mastrud" "Jeron" "Mastrud" "UNK" "UNK" "12/17/87" "Kansas State" ""
"3818" "00-0027994" "S.Vereen" "Shane" "Vereen" "NYG" "RB" "3/2/89" "California" ""
"3819" "00-0027995" "M.Leshoure" "Mikel" "Leshoure" "UNK" "UNK" "3/30/90" "Illinois" ""
"3820" "00-0027996" "T.Smith" "Torrey" "Smith" "SF" "WR" "1/26/89" "Maryland" ""
"3821" "00-0027997" "G.Little" "Greg" "Little" "UNK" "UNK" "5/30/89" "North Carolina" ""
"3822" "00-0027990" "Austin" "Marvin" "Austin" "UNK" "UNK" "1/10/89" "North Carolina" ""
"3823" "00-0027991" "S.Paea" "Stephen" "Paea" "UNK" "UNK" "5/11/88" "Oregon State" ""
"3824" "00-0027992" "J.Jarrett" "Jaiquawn" "Jarrett" "UNK" "UNK" "9/21/89" "Temple" ""
"3825" "00-0027993" "R.Hudson" "Rodney" "Hudson" "OAK" "C" "7/12/89" "Florida State" ""
"3826" "00-0023662" "M.Cassel" "Matt" "Cassel" "TEN" "QB" "5/17/82" "USC" ""
"3827" "00-0023663" "H.Abdullah" "Hamza" "Abdullah" "UNK" "UNK" "8/20/83" "Washington State" ""
"3828" "00-0028325" "K.McIlwain" "Kamaal" "McIlwain" "UNK" "UNK" "3/9/88" "Newberry" ""
"3829" "00-0025970" "C.Hanie" "Caleb" "Hanie" "UNK" "UNK" "9/11/85" "Colorado State" ""
"3830" "00-0025978" "E.Butler" "Ezra" "Butler" "UNK" "UNK" "11/20/84" "Nevada" ""
"3831" "00-0023757" "C.Reis" "Chris" "Reis" "UNK" "UNK" "9/19/83" "Georgia Tech" ""
"3832" "00-0019100" "B.Hoover" "Brad" "Hoover" "UNK" "UNK" "11/11/76" "Western Carolina" ""
"3833" "00-0023752" "D.Fells" "Daniel" "Fells" "UNK" "UNK" "9/23/83" "California-Davis" ""
"3834" "00-0023750" "M.Williams" "Mario" "Williams" "MIA" "DE" "1/31/85" "North Carolina State" ""
"3835" "00-0032788" "" "D.J." "White" "KC" "CB" "9/9/93" "Georgia Tech" ""
"3836" "00-0032787" "" "Cole" "Toner" "ARI" "OG" "3/13/94" "Harvard" ""
"3837" "00-0032786" "" "Marqui" "Christian" "ARI" "DB" "10/27/94" "Midwestern State" ""
"3838" "00-0032785" "" "Halapoulivaati" "Vaitai" "PHI" "OT" "6/16/93" "Texas Christian" ""
"3839" "00-0032784" "" "Kevin" "Hogan" "KC" "QB" "10/20/92" "Stanford" ""
"3840" "00-0032783" "" "LeShaun" "Sims" "TEN" "CB" "9/18/93" "Southern Utah" ""
"3841" "00-0032782" "" "Wendell" "Smallwood" "PHI" "RB" "1/20/94" "West Virginia" ""
"3842" "00-0032781" "" "Matthew" "Ioannidis" "WAS" "DT" "1/11/94" "Temple" ""
"3843" "00-0032780" "" "Jordan" "Howard" "CHI" "RB" "11/2/94" "Indiana" ""
"3844" "00-0027666" "M.Hardesty" "Montario" "Hardesty" "UNK" "UNK" "2/1/87" "Tennessee" ""
"3845" "00-0027195" "R.Bush" "Rafael" "Bush" "DET" "DB" "5/12/87" "South Carolina State" ""
"3846" "00-0031802" "" "Gavin" "Lutman" "UNK" "UNK" "3/27/91" "Pittsburg State" ""
"3847" "00-0031808" "" "Isiah" "Ferguson" "UNK" "UNK" "1/8/91" "Arkansas-Pine Bluff" ""
"3848" "00-0016577" "D.Townsend" "Deshea" "Townsend" "UNK" "UNK" "9/8/75" "Alabama" ""
"3849" "00-0021189" "R.Denney" "Ryan" "Denney" "UNK" "UNK" "6/15/77" "Brigham Young" ""
"3850" "00-0021181" "L.Walker" "Langston" "Walker" "UNK" "UNK" "9/3/79" "California" ""
"3851" "00-0021185" "M.Lewis" "Michael" "Lewis" "UNK" "UNK" "4/29/80" "Colorado" ""
"3852" "00-0021187" "J.McGraw" "Jon" "McGraw" "UNK" "UNK" "4/2/79" "Kansas State" ""
"3853" "00-0021186" "S.Brown" "Sheldon" "Brown" "UNK" "UNK" "3/19/79" "South Carolina" ""
"3854" "00-0024643" "T.Harris" "Tuff" "Harris" "UNK" "UNK" "1/23/83" "Montana" ""
"3855" "00-0024645" "O.Jones" "Onrea" "Jones" "UNK" "UNK" "12/22/83" "Hampton" ""
"3856" "00-0027664" "M.Neal" "Mike" "Neal" "UNK" "UNK" "6/26/87" "Purdue" ""
"3857" "00-0027665" "T.Cody" "Terrence" "Cody" "UNK" "UNK" "6/28/88" "Alabama" ""
"3858" "00-0027662" "C.Dunlap" "Carlos" "Dunlap" "CIN" "DE" "2/28/89" "Florida" ""
"3859" "00-0027663" "S.Lee" "Sean" "Lee" "DAL" "OLB" "7/22/86" "Penn State" ""
"3860" "00-0027660" "J.Arenas" "Javier" "Arenas" "UNK" "UNK" "10/28/87" "Alabama" ""
"3861" "00-0027661" "J.Cunningham" "Jermaine" "Cunningham" "UNK" "UNK" "4/24/88" "Florida" ""
"3862" "00-0027198" "B.Harvey" "Brandyn" "Harvey" "UNK" "UNK" "11/6/87" "Villanova" ""
"3863" "00-0027199" "W.Johnson" "Weston" "Johnson" "UNK" "UNK" "1/15/87" "Wyoming" ""
"3864" "00-0027668" "B.Spikes" "Brandon" "Spikes" "BUF" "LB" "9/3/87" "Florida" ""
"3865" "00-0029492" "J.Olawale" "Jamize" "Olawale" "OAK" "RB" "4/17/89" "North Texas" ""
"3866" "00-0023630" "J.Dreessen" "Joel" "Dreessen" "UNK" "UNK" "7/26/82" "Colorado State" ""
"3867" "00-0029495" "M.Blanchard" "Matt" "Blanchard" "UNK" "UNK" "3/21/89" "Wis.-Whitewater" ""
"3868" "00-0021900" "R.Manning" "Ricky" "Manning" "UNK" "UNK" "11/18/80" "UCLA" ""
"3869" "00-0021902" "S.Kooistra" "Scott" "Kooistra" "UNK" "UNK" "10/14/80" "North Carolina State" ""
"3870" "00-0021907" "L.Moore" "Langston" "Moore" "UNK" "UNK" "7/17/81" "South Carolina" ""
"3871" "00-0030137" "Z.Minter" "Zach" "Minter" "UNK" "UNK" "11/6/90" "Montana State" ""
"3872" "00-0030134" "M.Ford" "Michael" "Ford" "UNK" "UNK" "5/27/90" "LSU" ""
"3873" "00-0030135" "J.Lenz" "Josh" "Lenz" "UNK" "UNK" "9/22/90" "Iowa State" ""
"3874" "00-0030132" "S.Charles" "Stefan" "Charles" "DET" "DT" "6/9/88" "Regina (Canada)" ""
"3875" "00-0024367" "A.Montgomery" "Anthony" "Montgomery" "UNK" "UNK" "3/8/84" "Minnesota" ""
"3876" "00-0024364" "J.Pociask" "Jason" "Pociask" "UNK" "UNK" "2/9/83" "Wisconsin" ""
"3877" "00-0024365" "T.Dobbins" "Tim" "Dobbins" "UNK" "UNK" "12/10/82" "Iowa State" ""
"3878" "00-0024369" "J.King" "Jeff" "King" "UNK" "UNK" "2/19/83" "Virginia Tech" ""
"3879" "00-0030139" "B.Russell" "Brent" "Russell" "UNK" "UNK" "8/16/89" "Georgia Southern" ""
"3880" "00-0029488" "L.Parker" "Larry" "Parker" "UNK" "UNK" "1/17/89" "San Diego State" ""
"3881" "00-0020344" "B.Gorin" "Brandon" "Gorin" "UNK" "UNK" "8/17/78" "Purdue" ""
"3882" "00-0031242" "S.Stephen" "Shamar" "Stephen" "MIN" "DT" "2/25/91" "Connecticut" ""
"3883" "00-0031241" "D.Kennard" "Devon" "Kennard" "NYG" "OLB" "6/24/91" "USC" ""
"3884" "00-0031240" "K.Fortt" "Khairi" "Fortt" "UNK" "UNK" "3/24/92" "California" ""
"3885" "00-0031247" "" "David" "Gilbert" "UNK" "UNK" "10/31/91" "Miami (Fla.)" ""
"3886" "00-0031246" "N.Isles" "Nate" "Isles" "UNK" "UNK" "1/4/92" "North Carolina A&T" ""
"3887" "00-0031245" "K.Bishop" "Ken" "Bishop" "UNK" "UNK" "9/8/90" "Northern Illinois" ""
"3888" "00-0022909" "R.Williams" "Roy" "Williams" "UNK" "UNK" "12/20/81" "Texas" ""
"3889" "00-0022904" "N.Leckey" "Nick" "Leckey" "UNK" "UNK" "3/12/82" "Kansas State" ""
"3890" "00-0022905" "R.Hadnot" "Rex" "Hadnot" "UNK" "UNK" "1/28/82" "Houston" ""
"3891" "00-0022906" "C.Williams" "Corey" "Williams" "UNK" "UNK" "8/17/80" "Arkansas State" ""
"3892" "00-0022907" "N.Lawrie" "Nate" "Lawrie" "UNK" "UNK" "10/7/81" "Yale" ""
"3893" "00-0022900" "W.Allen" "Will" "Allen" "UNK" "UNK" "6/17/82" "Ohio State" ""
"3894" "00-0022901" "E.Wilford" "Ernest" "Wilford" "UNK" "UNK" "1/14/79" "Virginia Tech" ""
"3895" "00-0028414" "S.Lutrus" "Scott" "Lutrus" "UNK" "UNK" "4/23/88" "Connecticut" ""
"3896" "00-0028415" "K.Miller" "Kyle" "Miller" "UNK" "UNK" "4/18/88" "Mount Union" ""
"3897" "00-0028416" "R.Murphy" "Richard" "Murphy" "UNK" "UNK" "9/18/86" "LSU" ""
"3898" "00-0028417" "J.Newsome" "Jamar" "Newsome" "UNK" "UNK" "11/5/87" "Central Florida" ""
"3899" "00-0028410" "T.Heath" "T.J." "Heath" "UNK" "UNK" "9/11/87" "Jacksonville State" ""
"3900" "00-0028411" "D.Inman" "Dontrelle" "Inman" "SD" "WR" "1/31/89" "Virginia" ""
"3901" "00-0028412" "J.Johnson" "Jalil" "Johnson" "UNK" "UNK" "7/13/88" "Jackson State" ""
"3902" "00-0030906" "" "Bryan" "Johnson" "UNK" "UNK" "8/13/88" "West Texas A&M" ""
"3903" "00-0028418" "O.Ray" "Odrick" "Ray" "UNK" "UNK" "5/24/89" "Tulsa" ""
"3904" "00-0030905" "D.Jacobs" "Damien" "Jacobs" "UNK" "UNK" "7/22/91" "Florida" ""
"3905" "00-0030883" "J.Mauro" "Josh" "Mauro" "ARI" "NT" "2/17/91" "Stanford" ""
"3906" "00-0030547" "D.Robinson" "Denard" "Robinson" "UNK" "UNK" "9/22/90" "Michigan" ""
"3907" "00-0030546" "T.Frederick" "Travis" "Frederick" "DAL" "C" "3/18/91" "Wisconsin" ""
"3908" "00-0030545" "L.Joeckel" "Luke" "Joeckel" "UNK" "UNK" "11/6/91" "Texas A&M" ""
"3909" "00-0030544" "G.Escobar" "Gavin" "Escobar" "DAL" "TE" "2/3/91" "San Diego State" ""
"3910" "00-0030543" "J.Wilcox" "J.J." "Wilcox" "DAL" "FS" "2/14/91" "Georgia Southern" ""
"3911" "00-0030542" "T.Williams" "Terrance" "Williams" "DAL" "WR" "9/18/89" "Baylor" ""
"3912" "00-0030541" "B.Wreh-Wilson" "Blidi" "Wreh-Wilson" "UNK" "UNK" "12/5/89" "Connecticut" ""
"3913" "00-0030540" "A.Dobson" "Aaron" "Dobson" "NE" "WR" "7/23/91" "Marshall" ""
"3914" "00-0030549" "T.Eifert" "Tyler" "Eifert" "CIN" "TE" "9/8/90" "Notre Dame" ""
"3915" "00-0030548" "E.Reid" "Eric" "Reid" "SF" "FS" "12/10/91" "LSU" ""
"3916" "00-0029568" "M.Jackson" "Malik" "Jackson" "UNK" "UNK" "1/11/90" "Tennessee" ""
"3917" "00-0029563" "O.Bolden" "Omar" "Bolden" "UNK" "UNK" "12/20/88" "Arizona State" ""
"3918" "00-0029562" "L.David" "Lavonte" "David" "TB" "OLB" "1/23/90" "Nebraska" ""
"3919" "00-0029561" "C.Glenn" "Cordy" "Glenn" "BUF" "T" "9/18/89" "Georgia" ""
"3920" "00-0029560" "D.Kirkpatrick" "Dre" "Kirkpatrick" "CIN" "CB" "10/26/89" "Alabama" ""
"3921" "00-0029566" "Z.Brown" "Zach" "Brown" "BUF" "LB" "10/23/89" "North Carolina" ""
"3922" "00-0002099" "I.Bruce" "Isaac" "Bruce" "UNK" "UNK" "11/10/72" "Memphis" ""
"3923" "00-0029564" "B.Cunningham" "B.J." "Cunningham" "UNK" "UNK" "5/29/89" "Michigan State" ""
"3924" "00-0025435" "J.Durant" "Justin" "Durant" "DAL" "LB" "9/21/85" "Hampton" ""
"3925" "00-0025434" "D.Harris" "David" "Harris" "NYJ" "ILB" "1/21/84" "Michigan" ""
"3926" "00-0028678" "L.Lewis" "LeQuan" "Lewis" "UNK" "UNK" "2/17/89" "Arizona State" ""
"3927" "00-0028679" "V.Aiyewa" "Victor" "Aiyewa" "UNK" "UNK" "2/4/89" "Washington" ""
"3928" "00-0020467" "W.Allen" "Will" "Allen" "UNK" "UNK" "8/5/78" "Syracuse" ""
"3929" "00-0020466" "S.Hutchinson" "Steve" "Hutchinson" "UNK" "UNK" "11/1/77" "Michigan" ""
"3930" "00-0020461" "M.Williams" "Maurice" "Williams" "UNK" "UNK" "1/26/79" "Michigan" ""
"3931" "00-0020460" "J.Fletcher" "Jamar" "Fletcher" "UNK" "UNK" "8/28/79" "Wisconsin" ""
"3932" "00-0020463" "K.McKenzie" "Kareem" "McKenzie" "UNK" "UNK" "5/24/79" "Penn State" ""
"3933" "00-0020462" "L.Jordan" "LaMont" "Jordan" "UNK" "UNK" "11/11/78" "Maryland" ""
"3934" "00-0028670" "C.Zych" "Collin" "Zych" "UNK" "UNK" "2/1/89" "Harvard" ""
"3935" "00-0028672" "T.Grant" "Tyrone" "Grant" "UNK" "UNK" "1/31/89" "Delaware" ""
"3936" "00-0028673" "D.Ballard" "Demario" "Ballard" "UNK" "UNK" "1/17/84" "Western Oregon" ""
"3937" "00-0020469" "A.Schobel" "Aaron" "Schobel" "UNK" "UNK" "9/1/77" "Texas Christian" ""
"3938" "00-0028676" "M.O'Donnell" "Matthew" "O'Donnell" "UNK" "UNK" "3/26/89" "Queens (Canada)" ""
"3939" "00-0029109" "J.Root" "Jarrell" "Root" "UNK" "UNK" "5/14/88" "Boise State" ""
"3940" "00-0029108" "D.Moye" "Derek" "Moye" "UNK" "UNK" "8/12/88" "Penn State" ""
"3941" "00-0029101" "C.Collins" "Cameron" "Collins" "UNK" "UNK" "9/29/89" "Oregon State" ""
"3942" "00-0029103" "J.Fuller" "Jeff" "Fuller" "UNK" "UNK" "4/20/90" "Texas A&M" ""
"3943" "00-0029102" "" "Derek" "Dennis" "UNK" "UNK" "7/16/88" "Temple" ""
"3944" "00-0029104" "J.Gray" "Jonas" "Gray" "UNK" "UNK" "6/27/90" "Notre Dame" ""
"3945" "00-0029107" "K.McCray" "Kelcie" "McCray" "SEA" "SS" "9/21/88" "Arkansas State" ""
"3946" "00-0029106" "S.Lyons" "Shelly" "Lyons" "UNK" "UNK" "1/19/90" "Arizona State" ""
"3947" "00-0027859" "R.Okung" "Russell" "Okung" "DEN" "OT" "10/7/87" "Oklahoma State" ""
"3948" "00-0027858" "E.Berry" "Eric" "Berry" "KC" "FS" "12/29/88" "Tennessee" ""
"3949" "00-0027855" "N.Suh" "Ndamukong" "Suh" "MIA" "DT" "1/6/87" "Nebraska" ""
"3950" "00-0026166" "D.Brown" "Duane" "Brown" "HOU" "T" "8/30/85" "Virginia Tech" ""
"3951" "00-0026167" "A.Cason" "Antoine" "Cason" "UNK" "UNK" "7/9/86" "Arizona" ""
"3952" "00-0026165" "M.Jenkins" "Mike" "Jenkins" "ARI" "DB" "3/22/85" "South Florida" ""
"3953" "00-0023102" "H.Jones" "Herana-Daze" "Jones" "UNK" "UNK" "4/15/82" "Indiana" ""
"3954" "00-0027347" "M.Hall" "Max" "Hall" "UNK" "UNK" "10/1/85" "Brigham Young" ""
"3955" "00-0027341" "R.Dickson" "Richard" "Dickson" "UNK" "UNK" "11/17/87" "LSU" ""
"3956" "00-0027340" "M.Clapp" "Matt" "Clapp" "UNK" "UNK" "12/6/86" "Oklahoma" ""
"3957" "00-0025857" "O.Nwagbuo" "Ogemdi" "Nwagbuo" "UNK" "UNK" "12/24/85" "Michigan State" ""
"3958" "00-0027854" "S.Bradford" "Sam" "Bradford" "PHI" "QB" "11/8/87" "Oklahoma" ""
"3959" "00-0027857" "T.Williams" "Trent" "Williams" "WAS" "T" "7/19/88" "Oklahoma" ""
"3960" "00-0027856" "G.McCoy" "Gerald" "McCoy" "TB" "DT" "2/25/88" "Oklahoma" ""
"3961" "00-0027851" "H.Unga" "Harvey" "Unga" "UNK" "UNK" "1/18/87" "Brigham Young" ""
"3962" "00-0026100" "N.Hughes" "Nate" "Hughes" "UNK" "UNK" "1/18/85" "Alcorn State" ""
"3963" "00-0026453" "D.Savage" "Dantrell" "Savage" "UNK" "UNK" "2/15/85" "Oklahoma State" ""
"3964" "00-0026103" "T.Devree" "Tyson" "DeVree" "UNK" "UNK" "11/12/84" "Colorado" ""
"3965" "00-0026105" "W.Gilberry" "Wallace" "Gilberry" "DET" "DE" "12/5/84" "Alabama" ""
"3966" "00-0027279" "J.Baston" "Jaron" "Baston" "UNK" "UNK" "4/10/87" "Missouri" ""
"3967" "00-0027278" "T.Baker" "Toney" "Baker" "UNK" "UNK" "6/16/86" "North Carolina State" ""
"3968" "00-0027270" "J.Cole" "Justin" "Cole" "UNK" "UNK" "11/22/87" "San Jose State" ""
"3969" "00-0027273" "M.Johnson" "Michael" "Johnson" "UNK" "UNK" "9/8/86" "North Alabama" ""
"3970" "00-0027272" "R.Gunnell" "Rich" "Gunnell" "UNK" "UNK" "1/12/87" "Boston College" ""
"3971" "00-0027277" "A.Arnett" "Alric" "Arnett" "UNK" "UNK" "6/26/87" "West Virginia" ""
"3972" "00-0027276" "K.Alexander" "Kevin" "Alexander" "UNK" "UNK" "7/1/87" "Clemson" ""
"3973" "00-0032454" "" "Jayron" "Kearse" "MIN" "SAF" "2/11/94" "Clemson" ""
"3974" "00-0030309" "K.Demens" "Kenny" "Demens" "UNK" "UNK" "2/4/90" "Michigan" ""
"3975" "00-0030308" "R.Yell" "Ronnie" "Yell" "UNK" "UNK" "4/15/91" "San Jose State" ""
"3976" "00-0030304" "" "Javone" "Lawson" "UNK" "UNK" "2/17/90" "Louisiana-Lafayette" ""
"3977" "00-0030307" "J.Harris" "Javon" "Harris" "UNK" "UNK" "2/7/91" "Oklahoma" ""
"3978" "00-0030306" "K.Jones" "Korey" "Jones" "UNK" "UNK" "4/4/89" "Wyoming" ""
"3979" "00-0030300" "J.Brown" "Jaron" "Brown" "ARI" "WR" "1/8/90" "Clemson" ""
"3980" "00-0030303" "" "Michael" "Rios" "UNK" "UNK" "6/9/90" "Marist" ""
"3981" "00-0022739" "D.Darling" "Devard" "Darling" "UNK" "UNK" "4/16/82" "Washington State" ""
"3982" "00-0022738" "C.Cooley" "Chris" "Cooley" "UNK" "UNK" "7/11/82" "Utah State" ""
"3983" "00-0001176" "B.Berry" "Bertrand" "Berry" "UNK" "UNK" "8/15/75" "Notre Dame" ""
"3984" "00-0022730" "D.McClover" "Darrell" "McClover" "UNK" "UNK" "8/25/81" "Miami (Fla.)" ""
"3985" "00-0022737" "N.Kaeding" "Nate" "Kaeding" "UNK" "UNK" "3/26/82" "Iowa" ""
"3986" "00-0029220" "T.Frederick" "Terrence" "Frederick" "UNK" "UNK" "2/10/90" "Texas A&M" ""
"3987" "00-0029221" "R.Austin" "Rodney" "Austin" "UNK" "UNK" "12/4/88" "Elon" ""
"3988" "00-0029731" "F.Whittaker" "Fozzy" "Whittaker" "CAR" "RB" "2/2/89" "Texas" ""
"3989" "00-0029228" "A.Gottlieb" "Alex" "Gottlieb" "UNK" "UNK" "7/4/90" "William & Mary" ""
"3990" "00-0029739" "" "Jacob" "Schum" "GB" "P" "1/21/89" "Buffalo" ""
"3991" "00-0028930" "J.Cooper" "Josh" "Cooper" "UNK" "UNK" "1/8/89" "Oklahoma State" ""
"3992" "00-0031829" "" "LaDarius" "Gunter" "GB" "CB" "5/13/92" "Miami (Fla.)" ""
"3993" "00-0031823" "" "Javess" "Blue" "UNK" "UNK" "12/30/92" "Kentucky" ""
"3994" "00-0022736" "S.Jackson" "Steven" "Jackson" "UNK" "UNK" "7/22/83" "Oregon State" ""
"3995" "00-0022735" "D.Robinson" "Dunta" "Robinson" "UNK" "UNK" "4/11/82" "South Carolina" ""
"3996" "00-0020260" "R.Garza" "Roberto" "Garza" "UNK" "UNK" "3/26/79" "Texas A&M - Kingsville" ""
"3997" "00-0020267" "N.Harris" "Nick" "Harris" "UNK" "UNK" "7/23/78" "California" ""
"3998" "00-0020268" "T.Stewart" "Tony" "Stewart" "UNK" "UNK" "8/9/79" "Penn State" ""
"3999" "00-0032198" "" "Ibraheim" "Campbell" "CLE" "DB" "5/13/92" "Northwestern" ""
"4000" "00-0032192" "" "Daniel" "Munyer" "KC" "C" "3/4/92" "Colorado" ""
"4001" "00-0032193" "" "Antoine" "Everett" "PIT" "G" "11/16/91" "McNeese State" ""
"4002" "00-0032190" "" "Gerald" "Christian" "UNK" "UNK" "8/26/91" "Louisville" ""
"4003" "00-0032196" "" "Jake" "Fisher" "CIN" "OT" "4/23/93" "Oregon" ""
"4004" "00-0032197" "" "Randy" "Gregory" "UNK" "UNK" "11/23/92" "Nebraska" ""
"4005" "00-0032195" "" "Ronald" "Darby" "BUF" "CB" "1/2/94" "Florida State" ""
"4006" "00-0031438" "" "Justin" "Gilbert" "CLE" "CB" "11/7/91" "Oklahoma State" ""
"4007" "00-0031439" "" "Lew" "Toler" "UNK" "UNK" "5/28/91" "Rutgers" ""
"4008" "00-0031434" "" "LaKendrick" "Ross" "UNK" "UNK" "5/1/93" "Lynchburg College" ""
"4009" "00-0031435" "" "Khalil" "Wilkes" "UNK" "UNK" "11/14/90" "Stanford" ""
"4010" "00-0031433" "B.Turner" "Billy" "Turner" "MIA" "G" "10/17/91" "North Dakota State" ""
"4011" "00-0032228" "" "Joe" "Cardona" "NE" "LS" "4/16/92" "Navy" ""
"4012" "00-0032227" "" "Jeff" "Heuerman" "DEN" "TE" "11/24/92" "Ohio State" ""
"4013" "00-0032221" "" "Shane" "Ray" "DEN" "LB" "5/18/93" "Missouri" ""
"4014" "00-0032222" "" "D.J." "Humphries" "ARI" "OT" "12/28/93" "Florida" ""
"4015" "00-0031559" "" "Jordan" "Richards" "NE" "SS" "1/21/93" "Stanford" ""
"4016" "00-0031558" "" "Maxx" "Williams" "BAL" "TE" "4/12/94" "Minnesota" ""
"4017" "00-0031553" "" "Benardrick" "McKinney" "HOU" "ILB" "11/19/92" "Mississippi State" ""
"4018" "00-0031552" "" "Jalen" "Collins" "ATL" "CB" "3/20/93" "LSU" ""
"4019" "00-0031551" "" "Eddie" "Goldman" "CHI" "NT" "1/6/94" "Florida State" ""
"4020" "00-0031550" "" "Shaq" "Green-Thompson" "CAR" "OLB" "4/21/94" "Washington" ""
"4021" "00-0031557" "" "Jordan" "Phillips" "MIA" "DT" "10/15/92" "Oklahoma" ""
"4022" "00-0031556" "" "Nate" "Orchard" "CLE" "LB" "1/5/93" "Utah" ""
"4023" "00-0026285" "J.Shirley" "Jason" "Shirley" "UNK" "UNK" "9/30/85" "Fresno State" ""
"4024" "00-0026284" "D.Pressley" "DeMario" "Pressley" "UNK" "UNK" "11/3/85" "North Carolina State" ""
"4025" "00-0026574" "D.Reynolds" "Dallas" "Reynolds" "UNK" "UNK" "4/23/84" "Brigham Young" ""
"4026" "00-0021257" "A.Davis" "Andra" "Davis" "UNK" "UNK" "12/23/78" "Florida" ""
"4027" "00-0026576" "S.Swank" "Sam" "Swank" "UNK" "UNK" "10/5/85" "Wake Forest" ""
"4028" "00-0026571" "R.Langford" "Reshard" "Langford" "UNK" "UNK" "2/6/86" "Vanderbilt" ""
"4029" "00-0031555" "" "Eric" "Rowe" "PHI" "CB" "10/3/92" "Utah" ""
"4030" "00-0031554" "" "Eric" "Kendricks" "MIN" "MLB" "2/29/92" "UCLA" ""
"4031" "00-0028087" "D.Lewis" "Dion" "Lewis" "NE" "RB" "9/27/90" "Pittsburgh" ""
"4032" "00-0028086" "D.Moore" "Denarius" "Moore" "UNK" "UNK" "12/9/88" "Tennessee" ""
"4033" "00-0028085" "R.Issac" "Rod" "Issac" "UNK" "UNK" "2/20/89" "Middle Tennessee State" ""
"4034" "00-0028084" "D.Gomes" "DeJon" "Gomes" "UNK" "UNK" "11/17/89" "Nebraska" ""
"4035" "00-0028083" "J.Rodgers" "Jacquizz" "Rodgers" "CHI" "RB" "2/6/90" "Oregon State" ""
"4036" "00-0028082" "S.Keo" "Shiloh" "Keo" "DEN" "DB" "12/17/87" "Idaho" ""
"4037" "00-0028081" "J.Thomas" "Josh" "Thomas" "DAL" "DB" "5/3/89" "Buffalo" ""
"4038" "00-0028080" "K.Klug" "Karl" "Klug" "TEN" "DE" "3/31/88" "Iowa" ""
"4039" "00-0028089" "A.Black" "Ahmad" "Black" "UNK" "UNK" "12/12/89" "Florida" ""
"4040" "00-0028088" "J.Pinkston" "Jason" "Pinkston" "UNK" "UNK" "9/5/87" "Pittsburgh" ""
"4041" "00-0031888" "L.Orr" "Leon" "Orr" "UNK" "UNK" "2/11/92" "Florida" ""
"4042" "00-0028889" "A.Miller" "Anthony" "Miller" "UNK" "UNK" "1/22/90" "California" ""
"4043" "00-0031885" "" "Gus" "Johnson" "SD" "RB" "8/10/93" "Stephen F. Austin St." ""
"4044" "00-0031884" "" "Gabe" "Holmes" "OAK" "TE" "3/29/91" "Purdue" ""
"4045" "00-0031886" "" "Tevin" "McDonald" "UNK" "UNK" "7/17/92" "Eastern Washington" ""
"4046" "00-0028883" "K.Anderson" "Kadarron" "Anderson" "UNK" "UNK" "6/6/89" "Furman" ""
"4047" "00-0028881" "Sc.Smith" "Scott" "Smith" "UNK" "UNK" "6/6/88" "Texas Tech" ""
"4048" "00-0031882" "" "Jimmy" "Hall" "UNK" "UNK" "11/18/91" "Northwestern" ""
"4049" "00-0030359" "A.Auguste" "Akeem" "Auguste" "UNK" "UNK" "10/10/89" "South Carolina" ""
"4050" "00-0024190" "R.Foley" "Ricky" "Foley" "UNK" "UNK" "4/2/81" "York (Canada)" ""
"4051" "00-0024193" "W.Colon" "Willie" "Colon" "UNK" "UNK" "4/9/83" "Hofstra" ""
"4052" "00-0022131" "W.Smith" "Wade" "Smith" "UNK" "UNK" "4/26/81" "Memphis" ""
"4053" "00-0022132" "D.Dockery" "Derrick" "Dockery" "UNK" "UNK" "9/7/80" "Texas" ""
"4054" "00-0022135" "B.McMullen" "Billy" "McMullen" "UNK" "UNK" "3/8/80" "Virginia" ""
"4055" "00-0022137" "B.James" "Bradie" "James" "UNK" "UNK" "1/17/81" "LSU" ""
"4056" "00-0022139" "J.Johnson" "Jarret" "Johnson" "UNK" "UNK" "8/14/81" "Alabama" ""
"4057" "00-0026737" "A.Hoppel" "Adam" "Hoppel" "UNK" "UNK" "5/20/85" "Cincinnati" ""
"4058" "00-0030689" "X.Boyd" "Xavius" "Boyd" "UNK" "UNK" "2/7/91" "Western Kentucky" ""
"4059" "00-0030935" "" "Donte" "Foster" "UNK" "UNK" "11/10/90" "Ohio U." ""
"4060" "00-0030932" "" "Kain" "Colter" "BUF" "WR" "5/24/92" "Northwestern" ""
"4061" "00-0030686" "J.Jones" "Justin" "Jones" "UNK" "UNK" "9/25/91" "East Carolina" ""
"4062" "00-0032032" "" "Tavaris" "Barnes" "SEA" "DE" "11/2/91" "Clemson" ""
"4063" "00-0032039" "" "Connor" "Neighbors" "UNK" "UNK" "12/13/91" "LSU" ""
"4064" "00-0023532" "D.Foxworth" "Domonique" "Foxworth" "UNK" "UNK" "3/27/83" "Maryland" ""
"4065" "00-0023533" "L.Hill" "Leroy" "Hill" "UNK" "UNK" "9/14/82" "Clemson" ""
"4066" "00-0023822" "S.Bodiford" "Shaun" "Bodiford" "UNK" "UNK" "5/4/82" "Portland State" ""
"4067" "00-0023537" "S.Considine" "Sean" "Considine" "UNK" "UNK" "12/17/82" "Iowa" ""
"4068" "00-0023534" "D.Colquitt" "Dustin" "Colquitt" "KC" "P" "5/6/82" "Tennessee" ""
"4069" "00-0023535" "N.Kaczur" "Nick" "Kaczur" "UNK" "UNK" "7/28/79" "Toledo" ""
"4070" "00-0029742" "B.Banks" "Brian" "Banks" "UNK" "UNK" "7/24/85" "No College" ""
"4071" "00-0029740" "I.Momah" "Ifeanyi" "Momah" "ARI" "TE" "10/23/89" "Boston College" ""
"4072" "00-0029215" "G.Iloka" "George" "Iloka" "CIN" "SS" "3/31/90" "Boise State" ""
"4073" "00-0029214" "S.Prater" "Shaun" "Prater" "UNK" "UNK" "10/27/89" "Iowa" ""
"4074" "00-0030179" "G.Baker" "George" "Baker" "UNK" "UNK" "12/2/89" "South Florida" ""
"4075" "00-0025641" "J.Holland" "Jonathan" "Holland" "UNK" "UNK" "6/18/85" "Louisiana Tech" ""
"4076" "00-0033011" "" "Connor" "McGovern" "DEN" "OG" "4/27/93" "Missouri" ""
"4077" "00-0026599" "C.Parks" "Cord" "Parks" "UNK" "UNK" "11/12/86" "Northeastern" ""
"4078" "00-0026598" "J.Johnson" "Jerome" "Johnson" "UNK" "UNK" "1/19/85" "Nevada" ""
"4079" "00-0033014" "" "Bennett" "Okotcha" "TEN" "DB" "2/7/93" "Texas-San Antonio" ""
"4080" "00-0033015" "" "Kieren" "Duncan" "UNK" "UNK" "10/12/93" "Colorado State-Pueblo" ""
"4081" "00-0033017" "" "Ben" "Roberts" "TEN" "WR" "9/7/92" "Montana" ""
"4082" "00-0026593" "K.Asiodu" "K.C." "Asiodu" "UNK" "UNK" "11/24/86" "Central Oklahoma" ""
"4083" "00-0026592" "R.Allen" "Roger" "Allen" "UNK" "UNK" "2/10/86" "Missouri Western State" ""
"4084" "00-0026597" "R.Feinga" "Ray" "Feinga" "UNK" "UNK" "5/8/86" "Brigham Young" ""
"4085" "00-0026596" "D.Douglas" "Dominic" "Douglas" "UNK" "UNK" "1/13/87" "Mississippi State" ""
"4086" "00-0026595" "I.Campbell" "Ian" "Campbell" "UNK" "UNK" "5/15/85" "Kansas State" ""
"4087" "00-0026594" "J.Byers" "Jarrett" "Byers" "UNK" "UNK" "8/30/85" "Northeastern State (Okla.)" ""
"4088" "00-0026780" "K.Ogletree" "Kevin" "Ogletree" "UNK" "UNK" "8/5/87" "Virginia" ""
"4089" "00-0032419" "" "Joe" "Haeg" "IND" "OT" "3/11/93" "North Dakota State" ""
"4090" "00-0032418" "" "Joe" "Dahl" "DET" "OG" "4/9/93" "Washington State" ""
"4091" "00-0029826" "C.Prime" "C.O." "Prime" "UNK" "UNK" "10/29/89" "Wagner" ""
"4092" "00-0021376" "T.Duckett" "T.J." "Duckett" "UNK" "UNK" "2/17/81" "Michigan State" ""
"4093" "00-0030834" "" "Nate" "Askew" "UNK" "UNK" "8/20/91" "Texas A&M" ""
"4094" "00-0022296" "J.Jenkins" "Justin" "Jenkins" "UNK" "UNK" "12/10/80" "Mississippi State" ""
"4095" "00-0028634" "EL.Joseph" "Peanut" "Joseph" "UNK" "UNK" "6/20/88" "Temple" ""
"4096" "00-0028635" "C.Donaldson" "Chris" "Donaldson" "UNK" "UNK" "8/20/88" "Oklahoma State" ""
"4097" "00-0028630" "C.Mixon" "Cobrani" "Mixon" "UNK" "UNK" "10/15/87" "Kent State" ""
"4098" "00-0028631" "R.Silva" "Ricardo" "Silva" "UNK" "UNK" "5/9/88" "Hampton" ""
"4099" "00-0029825" "S.Price" "Sheldon" "Price" "BAL" "CB" "3/26/91" "UCLA" ""
"4100" "00-0029822" "B.McManus" "Brandon" "McManus" "DEN" "K" "7/25/91" "Temple" ""
"4101" "00-0029820" "B.Taylor" "Bruce" "Taylor" "UNK" "UNK" "12/31/89" "Virginia Tech" ""
"4102" "00-0029821" "E.Cleary" "Emmett" "Cleary" "NYG" "OT" "4/27/90" "Boston College" ""
"4103" "00-0032422" "" "Kentrell" "Brothers" "MIN" "OLB" "2/8/93" "Missouri" ""
"4104" "00-0032423" "" "Trevor" "Davis" "GB" "WR" "7/4/93" "California" ""
"4105" "00-0032420" "" "Brandon" "Shell" "NYJ" "OT" "2/6/92" "South Carolina" ""
"4106" "00-0032421" "" "K.J." "Dillon" "HOU" "SAF" "5/11/94" "West Virginia" ""
"4107" "00-0032426" "" "Alex" "Collins" "SEA" "RB" "8/26/94" "Arkansas" ""
"4108" "00-0032427" "" "Fahn" "Cooper" "SF" "OT" "4/30/93" "Mississippi" ""
"4109" "00-0032424" "" "D.J." "Reader" "HOU" "NT" "7/1/94" "Clemson" ""
"4110" "00-0032425" "" "Antwione" "Williams" "DET" "LB" "5/26/93" "Georgia Southern" ""
"4111" "00-0027464" "D.Caldwell" "David" "Caldwell" "UNK" "UNK" "5/19/87" "William & Mary" ""
"4112" "00-0027465" "J.Hemby" "Jordan" "Hemby" "UNK" "UNK" "7/21/87" "North Carolina" ""
"4113" "00-0027466" "T.Hiller" "Tim" "Hiller" "UNK" "UNK" "12/13/86" "Western Michigan" ""
"4114" "00-0027467" "J.James" "Javarris" "James" "UNK" "UNK" "9/18/87" "Miami (Fla.)" ""
"4115" "00-0027460" "A.English" "Auston" "English" "UNK" "UNK" "3/10/87" "Oklahoma" ""
"4116" "00-0027461" "B.Gilbeaux" "Brandon" "Gilbeaux" "UNK" "UNK" "6/9/87" "Delaware" ""
"4117" "00-0027463" "T.Anderson" "Trevor" "Anderson" "UNK" "UNK" "1/13/87" "Michigan State" ""
"4118" "00-0027468" "B.King" "Brandon" "King" "UNK" "UNK" "1/28/87" "Purdue" ""
"4119" "00-0027469" "J.Linkenbach" "Jeffrey" "Linkenbach" "UNK" "UNK" "6/9/87" "Cincinnati" ""
"4120" "00-0026533" "D.Bryant" "Desmond" "Bryant" "UNK" "UNK" "12/15/85" "Harvard" ""
"4121" "00-0025916" "D.Sherrod" "Dezmond" "Sherrod" "UNK" "UNK" "5/11/85" "Mississippi State" ""
"4122" "00-0025917" "B.Hall" "Bruce" "Hall" "UNK" "UNK" "3/18/85" "Mississippi" ""
"4123" "00-0032761" "" "Robert" "Nkemdiche" "ARI" "DT" "9/19/94" "Mississippi" ""
"4124" "00-0032763" "" "Austin" "Johnson" "TEN" "NT" "5/8/94" "Penn State" ""
"4125" "00-0032765" "" "Michael" "Thomas" "NO" "WR" "3/3/93" "Ohio State" ""
"4126" "00-0032764" "" "Derrick" "Henry" "TEN" "RB" "1/4/94" "Alabama" ""
"4127" "00-0032767" "" "Su'a" "Cravens" "WAS" "DB" "7/7/95" "USC" ""
"4128" "00-0032766" "" "Jason" "Spriggs" "GB" "OT" "5/17/94" "Indiana" ""
"4129" "00-0032769" "" "Brandon" "Williams" "ARI" "CB" "9/9/92" "Texas A&M" ""
"4130" "00-0032768" "" "Cody" "Whitehair" "CHI" "OG" "7/11/92" "Kansas State" ""
"4131" "00-0029693" "O.Vernon" "Olivier" "Vernon" "NYG" "DE" "10/7/90" "Miami (Fla.)" ""
"4132" "00-0024154" "W.Evans" "Willie" "Evans" "UNK" "UNK" "3/5/84" "Mississippi State" ""
"4133" "00-0030838" "" "Matt" "Patchan" "UNK" "UNK" "4/2/90" "Boston College" ""
"4134" "00-0027367" "B.Minor" "Brandon" "Minor" "UNK" "UNK" "7/24/88" "Michigan" ""
"4135" "00-0027810" "J.Ware" "Jeremy" "Ware" "UNK" "UNK" "9/18/86" "Michigan State" ""
"4136" "00-0027813" "T.Austin" "Terrence" "Austin" "UNK" "UNK" "8/25/88" "UCLA" ""
"4137" "00-0027647" "D.McCourty" "Devin" "McCourty" "NE" "FS" "8/13/87" "Rutgers" ""
"4138" "00-0021379" "P.Ramsey" "Patrick" "Ramsey" "UNK" "UNK" "2/14/79" "Tulane" ""
"4139" "00-0029515" "M.Louis" "Mario" "Louis" "UNK" "UNK" "9/11/88" "Grambling State" ""
"4140" "00-0023614" "C.Harris" "Chris" "Harris" "UNK" "UNK" "8/6/82" "Louisiana-Monroe" ""
"4141" "00-0023613" "M.Montgomery" "Mike" "Montgomery" "UNK" "UNK" "8/18/83" "Texas A&M" ""
"4142" "00-0023612" "B.Scaife" "Bo" "Scaife" "UNK" "UNK" "1/6/81" "Texas" ""
"4143" "00-0023611" "A.Bryant" "Anthony" "Bryant" "UNK" "UNK" "11/6/81" "Alabama" ""
"4144" "00-0023619" "E.Moore" "Eric" "Moore" "UNK" "UNK" "2/28/81" "Florida State" ""
"4145" "00-0023523" "S.Pouha" "Sione" "Po'uha" "UNK" "UNK" "2/3/79" "Utah" ""
"4146" "00-0023522" "S.Starks" "Scott" "Starks" "UNK" "UNK" "6/27/83" "Wisconsin" ""
"4147" "00-0026536" "N.Miller" "Nick" "Miller" "UNK" "UNK" "3/29/87" "Southern Utah" ""
"4148" "00-0025928" "M.Brown" "Marcus" "Brown" "UNK" "UNK" "4/2/86" "McNeese State" ""
"4149" "00-0031310" "D.Street" "Devin" "Street" "DAL" "WR" "3/30/91" "Pittsburgh" ""
"4150" "00-0024201" "H.Eugene" "Hiram" "Eugene" "UNK" "UNK" "11/24/80" "Louisiana Tech" ""
"4151" "00-0024204" "F.Jackson" "Fred" "Jackson" "UNK" "UNK" "2/20/81" "Coe" ""
"4152" "00-0005082" "J.Farrior" "James" "Farrior" "UNK" "UNK" "1/6/75" "Virginia" ""
"4153" "00-0022695" "J.Babin" "Jason" "Babin" "UNK" "UNK" "5/24/80" "Western Michigan" ""
"4154" "00-0022696" "T.Johnson" "Tank" "Johnson" "UNK" "UNK" "12/7/81" "Washington" ""
"4155" "00-0022697" "K.Fox" "Keyaron" "Fox" "UNK" "UNK" "1/24/82" "Georgia Tech" ""
"4156" "00-0022691" "B.Sippio" "Bobby" "Sippio" "UNK" "UNK" "12/4/80" "Western Kentucky" ""
"4157" "00-0022692" "C.Terrill" "Craig" "Terrill" "UNK" "UNK" "6/27/80" "Purdue" ""
"4158" "00-0014655" "M.Sellers" "Mike" "Sellers" "UNK" "UNK" "7/21/75" "Walla Walla CC WA" ""
"4159" "00-0029734" "J.Shaw" "James" "Shaw" "UNK" "UNK" "2/27/89" "Jacksonville State" ""
"4160" "00-0030118" "T.Powell" "Ty" "Powell" "UNK" "UNK" "4/27/88" "Harding" ""
"4161" "00-0030119" "S.Barrington" "Sam" "Barrington" "GB" "ILB" "10/5/90" "South Florida" ""
"4162" "00-0029735" "J.Vega" "Jason" "Vega" "UNK" "UNK" "5/30/87" "Northeastern" ""
"4163" "00-0021927" "D.Tyree" "David" "Tyree" "UNK" "UNK" "1/3/80" "Syracuse" ""
"4164" "00-0023788" "B.Ortega" "Buck" "Ortega" "UNK" "UNK" "11/22/81" "Miami (Fla.)" ""
"4165" "00-0030110" "M.Williams" "Michael" "Williams" "NE" "TE" "9/8/90" "Alabama" ""
"4166" "00-0030111" "J.Kruger" "Joe" "Kruger" "UNK" "UNK" "6/4/92" "Utah" ""
"4167" "00-0030112" "T.Bohanon" "Tommy" "Bohanon" "NYJ" "FB" "9/10/90" "Wake Forest" ""
"4168" "00-0030113" "C.Johnson" "Charles" "Johnson" "MIN" "WR" "2/27/89" "Grand Valley State" ""
"4169" "00-0026770" "C.Thomas" "Carlos" "Thomas" "UNK" "UNK" "5/1/87" "South Carolina" ""
"4170" "00-0026777" "A.Romero" "Alex" "Romero" "UNK" "UNK" "6/25/85" "Nicholls State" ""
"4171" "00-0030972" "" "Chris" "Whaley" "UNK" "UNK" "12/8/90" "Texas" ""
"4172" "00-0003888" "C.Darby" "Chartric" "Darby" "UNK" "UNK" "10/22/75" "South Carolina State" ""
"4173" "00-0030970" "D.Vaughan" "Dustin" "Vaughan" "PIT" "QB" "1/27/91" "West Texas A&M" ""
"4174" "00-0030971" "" "L'Damian" "Washington" "UNK" "UNK" "5/10/91" "Missouri" ""
"4175" "00-0030976" "" "Jarrid" "Bryant" "UNK" "UNK" "4/2/90" "South Dakota" ""
"4176" "00-0030977" "" "Avery" "Cunningham" "UNK" "UNK" "1/2/91" "Central Michigan" ""
"4177" "00-0029248" "L.Kuechly" "Luke" "Kuechly" "CAR" "MLB" "4/20/91" "Boston College" ""
"4178" "00-0029714" "A.DePaola" "Andrew" "DePaola" "TB" "LS" "7/28/87" "Rutgers" ""
"4179" "00-0029243" "" "Jeremiah" "Warren" "UNK" "UNK" "9/20/87" "South Florida" ""
"4180" "00-0030114" "J.Poyer" "Jordan" "Poyer" "CLE" "FS" "4/25/91" "Oregon State" ""
"4181" "00-0030116" "K.Dorsey" "Kevin" "Dorsey" "UNK" "UNK" "2/23/90" "Maryland" ""
"4182" "00-0030117" "K.Williams" "Kerwynn" "Williams" "ARI" "RB" "6/9/91" "Utah State" ""
"4183" "00-0024344" "G.Whimper" "Guy" "Whimper" "UNK" "UNK" "5/21/83" "East Carolina" ""
"4184" "00-0024343" "R.Sims" "Rob" "Sims" "UNK" "UNK" "12/6/83" "Ohio State" ""
"4185" "00-0032599" "" "Josh" "Perkins" "ATL" "TE" "8/5/93" "Washington" ""
"4186" "00-0024348" "K.Williams" "Kyle" "Williams" "BUF" "DT" "6/10/83" "LSU" ""
"4187" "00-0024349" "R.Ninkovich" "Rob" "Ninkovich" "NE" "DE" "2/1/84" "Purdue" ""
"4188" "00-0032592" "" "Sharrod" "Neasman" "ATL" "DB" "10/14/91" "Florida Atlantic" ""
"4189" "00-0029229" "S.Green" "Stephfon" "Green" "UNK" "UNK" "5/28/89" "Penn State" ""
"4190" "00-0032591" "" "Chris" "Mayes" "ATL" "DT" "9/27/91" "Georgia" ""
"4191" "00-0019724" "M.Roman" "Mark" "Roman" "UNK" "UNK" "3/26/77" "LSU" ""
"4192" "00-0025340" "C.Kobel" "Craig" "Kobel" "UNK" "UNK" "1/26/82" "South Florida" ""
"4193" "00-0028478" "J.Stokes" "John" "Stokes" "UNK" "UNK" "2/1/88" "Vanderbilt" ""
"4194" "00-0028479" "D.Dobbs" "Demarcus" "Dobbs" "UNK" "UNK" "11/30/87" "Georgia" ""
"4195" "00-0028477" "O.Spencer" "Owen" "Spencer" "UNK" "UNK" "11/2/87" "North Carolina State" ""
"4196" "00-0028475" "J.Kirkendoll" "James" "Kirkendoll" "UNK" "UNK" "8/14/89" "Texas" ""
"4197" "00-0020199" "B.Russell" "Brian" "Russell" "UNK" "UNK" "2/5/78" "San Diego State" ""
"4198" "00-0028473" "J.Hartsell" "Julian" "Hartsell" "UNK" "UNK" "3/8/88" "Catawba" ""
"4199" "00-0024834" "D.Roberson" "Derrick" "Roberson" "UNK" "UNK" "3/12/85" "Rutgers" ""
"4200" "00-0020449" "M.Greenwood" "Morlon" "Greenwood" "UNK" "UNK" "7/17/78" "Syracuse" ""
"4201" "00-0020446" "C.Chambers" "Chris" "Chambers" "UNK" "UNK" "8/12/78" "Wisconsin" ""
"4202" "00-0023656" "J.Ratliff" "Jay" "Ratliff" "UNK" "UNK" "8/29/81" "Auburn" ""
"4203" "00-0029865" "Q.Sharp" "Quinn" "Sharp" "UNK" "UNK" "11/12/89" "Oklahoma State" ""
"4204" "00-0015784" "M.Stover" "Matt" "Stover" "UNK" "UNK" "1/27/68" "Louisiana Tech" ""
"4205" "00-0025953" "M.Walker" "Marcus" "Walker" "UNK" "UNK" "5/23/86" "Oklahoma" ""
"4206" "00-0025950" "D.Radovich" "Drew" "Radovich" "UNK" "UNK" "6/20/85" "USC" ""
"4207" "00-0025956" "C.Brinkley" "Casper" "Brinkley" "UNK" "UNK" "7/12/85" "South Carolina" ""
"4208" "00-0025955" "A.Young" "Albert" "Young" "UNK" "UNK" "2/25/85" "Iowa" ""
"4209" "00-0026291" "F.Okam" "Frank" "Okam" "UNK" "UNK" "10/16/85" "Texas" ""
"4210" "00-0020445" "D.Raiola" "Dominic" "Raiola" "UNK" "UNK" "12/30/78" "Nebraska" ""
"4211" "00-0020444" "J.Backus" "Jeff" "Backus" "UNK" "UNK" "9/21/77" "Michigan" ""
"4212" "00-0020442" "R.Seymour" "Richard" "Seymour" "UNK" "UNK" "10/6/79" "Georgia" ""
"4213" "00-0028692" "C.Gettis" "Carl" "Gettis" "UNK" "UNK" "12/20/88" "Missouri" ""
"4214" "00-0028690" "" "Jarrod" "Shaw" "UNK" "UNK" "1/7/88" "Tennessee" ""
"4215" "00-0028691" "K.Smith" "Kendall" "Smith" "UNK" "UNK" "12/3/87" "Florida State" ""
"4216" "00-0028696" "S.Tarver" "Sidney" "Tarver" "UNK" "UNK" "6/2/89" "Tennessee State" ""
"4217" "00-0028694" "J.Dockery" "James" "Dockery" "UNK" "UNK" "11/9/88" "Oregon State" ""
"4218" "00-0028695" "Bri.Smith" "Brian" "Smith" "UNK" "UNK" "1/8/89" "Notre Dame" ""
"4219" "00-0028698" "B.Jacobs" "Ben" "Jacobs" "CAR" "LB" "4/17/88" "Fresno State" ""
"4220" "00-0029123" "M.King" "Marquette" "King" "OAK" "P" "10/26/88" "Fort Valley State" ""
"4221" "00-0029122" "A.Henry" "Aaron" "Henry" "UNK" "UNK" "11/28/88" "Wisconsin" ""
"4222" "00-0029121" "D.Hamilton" "Dominique" "Hamilton" "UNK" "UNK" "1/18/89" "Missouri" ""
"4223" "00-0029120" "B.Carswell" "Brandon" "Carswell" "UNK" "UNK" "5/22/89" "USC" ""
"4224" "00-0029127" "L.Nix" "Lucas" "Nix" "UNK" "UNK" "9/28/89" "Pittsburgh" ""
"4225" "00-0029126" "T.Mayo" "Thomas" "Mayo" "UNK" "UNK" "2/13/90" "California (PA)" ""
"4226" "00-0023180" "H.Dahl" "Harvey" "Dahl" "UNK" "UNK" "6/24/81" "Nevada" ""
"4227" "00-0029129" "R.Streater" "Rod" "Streater" "KC" "WR" "2/9/88" "Temple" ""
"4228" "00-0029128" "C.Powell" "Chaz" "Powell" "UNK" "UNK" "1/1/88" "Penn State" ""
"4229" "00-0027877" "D.Williams" "Dan" "Williams" "OAK" "DT" "6/1/87" "Tennessee" ""
"4230" "00-0027876" "T.Tebow" "Tim" "Tebow" "UNK" "UNK" "8/14/87" "Florida" ""
"4231" "00-0027875" "B.Bulaga" "Bryan" "Bulaga" "GB" "T" "3/21/89" "Iowa" ""
"4232" "00-0027874" "D.Thomas" "Demaryius" "Thomas" "DEN" "WR" "12/25/87" "Georgia Tech" ""
"4233" "00-0027873" "J.Gresham" "Jermaine" "Gresham" "ARI" "TE" "6/16/88" "Oklahoma" ""
"4234" "00-0027872" "K.Jackson" "Kareem" "Jackson" "HOU" "CB" "4/10/88" "Alabama" ""
"4235" "00-0026699" "K.Brock" "Kevin" "Brock" "UNK" "UNK" "4/9/86" "Rutgers" ""
"4236" "00-0026697" "B.Anderson" "Brandon" "Anderson" "UNK" "UNK" "12/10/85" "Akron" ""
"4237" "00-0022369" "H.Whittaker" "Huey" "Whittaker" "UNK" "UNK" "6/19/81" "South Florida" ""
"4238" "00-0026474" "M.Floyd" "Marquis" "Floyd" "UNK" "UNK" "3/17/80" "West Georgia" ""
"4239" "00-0030150" "M.Tucker" "Matthew" "Tucker" "NYJ" "RB" "5/24/91" "Texas Christian" ""
"4240" "00-0030152" "D.Drakeford" "Darin" "Drakeford" "UNK" "UNK" "7/5/91" "Maryland" ""
"4241" "00-0030153" "O.Foster" "Otha" "Foster" "UNK" "UNK" "9/2/88" "West Alabama" ""
"4242" "00-0022928" "K.Ratliff" "Keiwan" "Ratliff" "UNK" "UNK" "4/19/81" "Florida" ""
"4243" "00-0022929" "D.Henderson" "Devery" "Henderson" "UNK" "UNK" "3/26/82" "LSU" ""
"4244" "00-0026475" "M.Fountain" "Maurice" "Fountain" "UNK" "UNK" "9/22/82" "Clemson" ""
"4245" "00-0026472" "C.Hawthorne" "C.J." "Hawthorne" "UNK" "UNK" "12/15/83" "Hawaii" ""
"4246" "00-0027253" "T.Lewis" "Thad" "Lewis" "SF" "QB" "11/19/87" "Duke" ""
"4247" "00-0027252" "S.Lawrence" "Simoni" "Lawrence" "UNK" "UNK" "2/1/89" "Minnesota" ""
"4248" "00-0027250" "C.Jackson" "Cardia" "Jackson" "UNK" "UNK" "10/13/88" "Louisiana-Monroe" ""
"4249" "00-0027257" "K.Toston" "Keith" "Toston" "UNK" "UNK" "5/6/87" "Oklahoma State" ""
"4250" "00-0027256" "D.Stewart" "Darian" "Stewart" "DEN" "FS" "8/4/88" "South Carolina" ""
"4251" "00-0027255" "R.Owens" "Rod" "Owens" "UNK" "UNK" "1/28/87" "Florida State" ""
"4252" "00-0027254" "B.McRae" "Brandon" "McRae" "UNK" "UNK" "3/5/86" "Mississippi State" ""
"4253" "00-0027259" "J.Ballard" "Jake" "Ballard" "UNK" "UNK" "12/21/87" "Ohio State" ""
"4254" "00-0030326" "" "Kenny" "Okoro" "UNK" "UNK" "10/18/89" "Wake Forest" ""
"4255" "00-0030325" "B.Moore" "Brandon" "Moore" "UNK" "UNK" "3/7/91" "Texas" ""
"4256" "00-0030324" "D.Molls" "Dan" "Molls" "UNK" "UNK" "2/12/91" "Toledo" ""
"4257" "00-0030323" "J.McFarland" "Jamarkus" "McFarland" "UNK" "UNK" "11/26/90" "Oklahoma" ""
"4258" "00-0030322" "Josh Johnson" "Josh" "Johnson" "UNK" "UNK" "9/10/90" "Purdue" ""
"4259" "00-0030321" "B.Jerideau" "Byron" "Jerideau" "UNK" "UNK" "5/28/89" "South Carolina" ""
"4260" "00-0030320" "M.Hill" "Michael" "Hill" "UNK" "UNK" "8/14/89" "Missouri Western State" ""
"4261" "00-0030329" "L.Tasker" "Luke" "Tasker" "UNK" "UNK" "1/18/91" "Cornell" ""
"4262" "00-0030328" "D.Rolf" "David" "Rolf" "UNK" "UNK" "4/16/90" "Utah" ""
"4263" "00-0001157" "M.Berger" "Mitch" "Berger" "UNK" "UNK" "6/24/72" "Colorado" ""
"4264" "00-0022755" "J.Scott" "Jake" "Scott" "UNK" "UNK" "4/16/81" "Idaho" ""
"4265" "00-0022754" "S.Parker" "Samie" "Parker" "UNK" "UNK" "3/25/81" "Oregon" ""
"4266" "00-0022750" "D.Edwards" "Dwan" "Edwards" "UNK" "UNK" "5/16/81" "Oregon State" ""
"4267" "00-0022753" "T.Hargrove" "Anthony" "Hargrove" "UNK" "UNK" "7/20/83" "Georgia Tech" ""
"4268" "00-0031188" "" "Bennett" "Jackson" "UNK" "UNK" "9/16/91" "Notre Dame" ""
"4269" "00-0031189" "" "T.J." "Jones" "DET" "WR" "7/19/92" "Notre Dame" ""
"4270" "00-0031184" "" "Jimmy" "Staten" "KC" "DT" "5/4/91" "Middle Tennessee State" ""
"4271" "00-0031185" "" "Jon" "Halapio" "NE" "G" "6/23/91" "Florida" ""
"4272" "00-0031186" "" "Kenneth" "Acker" "KC" "CB" "2/6/92" "Southern Methodist" ""
"4273" "00-0031187" "R.Herron" "Robert" "Herron" "UNK" "UNK" "6/2/92" "Wyoming" ""
"4274" "00-0031180" "" "Kadeem" "Edwards" "UNK" "UNK" "1/24/91" "Tennessee State" ""
"4275" "00-0031455" "Ja.Campbell" "Jairus" "Campbell" "UNK" "UNK" "5/20/91" "Bowling Green State" ""
"4276" "00-0031452" "K.Redding" "Kris" "Redding" "UNK" "UNK" "2/8/91" "Wake Forest" ""
"4277" "00-0031453" "" "Theo" "Agnew" "UNK" "UNK" "10/10/91" "Georgia State" ""
"4278" "00-0030567" "" "Brennan" "Williams" "UNK" "UNK" "2/5/91" "North Carolina" ""
"4279" "00-0030566" "D.Swearinger" "D.J." "Swearinger" "ARI" "DB" "2/12/89" "South Carolina" ""
"4280" "00-0030561" "L.Johnson" "Lane" "Johnson" "PHI" "T" "5/8/90" "Oklahoma" ""
"4281" "00-0030560" "J.Green" "Justin" "Green" "UNK" "UNK" "2/26/91" "Illinois" ""
"4282" "00-0030563" "B.Werner" "Bjoern" "Werner" "UNK" "UNK" "8/30/90" "Florida State" ""
"4283" "00-0031782" "" "Eli" "Rogers" "PIT" "WR" "12/23/92" "Louisville" ""
"4284" "00-0031450" "J.Harris" "Josh" "Harris" "UNK" "UNK" "1/22/91" "Wake Forest" ""
"4285" "00-0031451" "J.Sharpe" "Jonathon" "Sharpe" "UNK" "UNK" "//" "North Greenville Coll. SC (J.C.)" ""
"4286" "00-0023408" "G.Camarillo" "Greg" "Camarillo" "UNK" "UNK" "4/18/82" "Stanford" ""
"4287" "00-0031458" "" "Mark" "Joyce" "UNK" "UNK" "//" "South Florida" ""
"4288" "00-0031459" "" "Glenn" "Winston" "CLE" "RB" "4/29/89" "Northwood" ""
"4289" "00-0032246" "" "Andrew" "Donnal" "UNK" "UNK" "3/3/92" "Iowa" ""
"4290" "00-0032247" "" "Cody" "Wichmann" "UNK" "UNK" "3/2/92" "Fresno State" ""
"4291" "00-0032244" "" "Jamon" "Brown" "UNK" "UNK" "3/15/93" "Louisville" ""
"4292" "00-0032245" "" "Sean" "Mannion" "UNK" "UNK" "4/25/92" "Oregon State" ""
"4293" "00-0032242" "" "Rob" "Havenstein" "UNK" "UNK" "5/13/92" "Wisconsin" ""
"4294" "00-0032243" "" "Ali" "Marpet" "TB" "OG" "4/17/93" "Hobart" ""
"4295" "00-0032240" "" "Vic" "Beasley" "ATL" "LB" "7/8/92" "Clemson" ""
"4296" "00-0032241" "" "Todd" "Gurley" "UNK" "UNK" "8/3/94" "Georgia" ""
"4297" "00-0032248" "" "Bryce" "Hager" "UNK" "UNK" "5/4/92" "Baylor" ""
"4298" "00-0032249" "" "Martin" "Ifedi" "UNK" "UNK" "9/4/91" "Memphis" ""
"4299" "00-0031538" "" "Corey" "Crawford" "WAS" "DE" "12/1/91" "Clemson" ""
"4300" "00-0031534" "" "La'el" "Collins" "DAL" "OG" "7/26/93" "Louisiana State University - Shreveport" ""
"4301" "00-0031537" "" "Dylan" "Wynn" "CLE" "DT" "6/1/93" "Oregon State" ""
"4302" "00-0031536" "" "Darrian" "Miller" "UNK" "UNK" "4/8/93" "Kentucky" ""
"4303" "00-0031531" "" "Trey" "Williams" "UNK" "UNK" "12/11/92" "Texas A&M" ""
"4304" "00-0031533" "" "Randall" "Telfer" "CLE" "TE" "5/16/92" "USC" ""
"4305" "00-0030998" "K.Wenning" "Keith" "Wenning" "CIN" "QB" "2/14/91" "Ball State" ""
"4306" "00-0028861" "L.Brown" "LaMark" "Brown" "UNK" "UNK" "7/5/89" "Minnesota State-Mankato" ""
"4307" "00-0028860" "M.Regis" "Micanor" "Regis" "UNK" "UNK" "11/3/89" "Miami (Fla.)" ""
"4308" "00-0028863" "Dom.Davis" "Dominique" "Davis" "UNK" "UNK" "7/17/89" "East Carolina" ""
"4309" "00-0028862" "B.Harris" "Bryce" "Harris" "ATL" "OT" "1/16/89" "Fresno State" ""
"4310" "00-0028865" "L.Nzegwu" "Louis" "Nzegwu" "UNK" "UNK" "5/15/89" "Wisconsin" ""
"4311" "00-0028866" "P.Manley" "Phillipkeith" "Manley" "UNK" "UNK" "5/7/90" "Toledo" ""
"4312" "00-0028869" "N.Keller" "Noah" "Keller" "UNK" "UNK" "12/5/88" "Ohio U." ""
"4313" "00-0028868" "D.Peterson" "Deangelo" "Peterson" "UNK" "UNK" "1/11/89" "LSU" ""
"4314" "00-0022119" "T.Polamalu" "Troy" "Polamalu" "UNK" "UNK" "4/19/81" "USC" ""
"4315" "00-0022112" "G.Hamdan" "Gibran" "Hamdan" "UNK" "UNK" "2/8/81" "Indiana" ""
"4316" "00-0022117" "J.Gross" "Jordan" "Gross" "UNK" "UNK" "7/20/80" "Utah" ""
"4317" "00-0030362" "" "Risean" "Broussard" "UNK" "UNK" "//" "Hinds CC MS" ""
"4318" "00-0030360" "A.Kanneh" "Abdul" "Kanneh" "UNK" "UNK" "9/9/90" "New Mexico Highlands" ""
"4319" "00-0030367" "C.TerBush" "Caleb" "TerBush" "UNK" "UNK" "1/5/90" "Purdue" ""
"4320" "00-0022711" "B.Chillar" "Brandon" "Chillar" "UNK" "UNK" "10/21/82" "UCLA" ""
"4321" "00-0022710" "N.Koutouvides" "Niko" "Koutouvides" "UNK" "UNK" "3/25/81" "Purdue" ""
"4322" "00-0022713" "R.Colclough" "Ricardo" "Colclough" "UNK" "UNK" "9/26/83" "Tusculum" ""
"4323" "00-0021126" "K.Amato" "Ken" "Amato" "UNK" "UNK" "5/18/77" "Montana State" ""
"4324" "00-0030662" "" "Kenny" "Shaw" "UNK" "UNK" "1/15/92" "Florida State" ""
"4325" "00-0030911" "" "Emmanuel" "Dieke" "UNK" "UNK" "9/23/90" "Georgia Tech" ""
"4326" "00-0030660" "M.Philipp" "Michael" "Philipp" "UNK" "UNK" "9/7/91" "Oregon State" ""
"4327" "00-0030661" "" "Connor" "Shaw" "CHI" "QB" "9/19/91" "South Carolina" ""
"4328" "00-0030666" "D.Surgent" "Darryl" "Surgent" "UNK" "UNK" "5/13/92" "Louisiana-Lafayette" ""
"4329" "00-0030915" "B.Chancellor" "Brelan" "Chancellor" "UNK" "UNK" "8/6/92" "North Texas" ""
"4330" "00-0030668" "C.West" "Charcandrick" "West" "KC" "RB" "6/2/91" "Abilene Christian" ""
"4331" "00-0030669" "A.Wilson" "Albert" "Wilson" "KC" "WR" "7/12/92" "Georgia State" ""
"4332" "00-0028702" "C.Matthews" "Chris" "Matthews" "BAL" "WR" "10/6/89" "Kentucky" ""
"4333" "00-0028255" "A.West" "Anthony" "West" "UNK" "UNK" "3/29/88" "Nebraska" ""
"4334" "00-0019559" "C.Pennington" "Chad" "Pennington" "UNK" "UNK" "6/26/76" "Marshall" ""
"4335" "00-0009305" "T.Kirschke" "Travis" "Kirschke" "UNK" "UNK" "9/6/74" "UCLA" ""
"4336" "00-0029809" "R.Rasner" "Ross" "Rasner" "UNK" "UNK" "4/18/91" "Arkansas" ""
"4337" "00-0029800" "K.Bateman" "Kemonte'" "Bateman" "UNK" "UNK" "2/22/90" "New Mexico State" ""
"4338" "00-0029802" "" "Manase" "Foketi" "UNK" "UNK" "9/18/90" "West Texas A&M" ""
"4339" "00-0029803" "R.Fuga" "Romney" "Fuga" "UNK" "UNK" "5/25/88" "Brigham Young" ""
"4340" "00-0029804" "A.Hester" "Aaron" "Hester" "UNK" "UNK" "3/1/90" "UCLA" ""
"4341" "00-0029806" "U.Kaveinga" "Uona" "Kaveinga" "UNK" "UNK" "2/2/90" "Brigham Young" ""
"4342" "00-0029807" "J.Youboty" "John" "Youboty" "UNK" "UNK" "2/25/90" "Temple" ""
"4343" "00-0032408" "" "Blake" "Martinez" "GB" "ILB" "1/9/94" "Stanford" ""
"4344" "00-0032409" "" "Willie" "Henry" "BAL" "DT" "3/20/94" "Michigan" ""
"4345" "00-0027409" "A.Daniels" "Alex" "Daniels" "UNK" "UNK" "11/27/86" "Cincinnati" ""
"4346" "00-0032404" "" "Tyler" "Ervin" "HOU" "RB" "10/7/93" "San Jose State" ""
"4347" "00-0027407" "S.Ware" "Sean" "Ware" "UNK" "UNK" "1/31/87" "New Hampshire" ""
"4348" "00-0032406" "" "Antonio" "Morrison" "IND" "ILB" "12/6/94" "Florida" ""
"4349" "00-0032407" "" "Alex" "Lewis" "BAL" "OT" "4/21/92" "Nebraska" ""
"4350" "00-0027402" "A.Neblett" "Andre" "Neblett" "UNK" "UNK" "6/7/88" "Temple" ""
"4351" "00-0032401" "" "De'Vondre" "Campbell" "ATL" "OLB" "7/1/93" "Minnesota" ""
"4352" "00-0032402" "" "Hassan" "Ridgeway" "IND" "DT" "11/2/94" "Texas" ""
"4353" "00-0032403" "" "Juston" "Burris" "NYJ" "CB" "8/4/93" "North Carolina State" ""
"4354" "00-0025668" "M.Adams" "Michael" "Adams" "UNK" "UNK" "6/17/85" "Louisiana-Lafayette" ""
"4355" "00-0031575" "" "Jamil" "Douglas" "MIA" "OG" "2/28/92" "Arizona State" ""
"4356" "00-0031574" "" "Gabe" "Wright" "DET" "DT" "4/3/92" "Auburn" ""
"4357" "00-0031576" "" "Za'Darius" "Smith" "BAL" "LB" "9/8/92" "Kentucky" ""
"4358" "00-0031578" "" "Jake" "Ryan" "GB" "ILB" "2/27/92" "Michigan" ""
"4359" "00-0025599" "C.Brown" "Courtney" "Brown" "UNK" "UNK" "2/10/84" "Cal Poly-S.L.O." ""
"4360" "00-0025592" "J.Palmer" "Jordan" "Palmer" "UNK" "UNK" "5/30/84" "Texas-El Paso" ""
"4361" "00-0025591" "J.Ford" "Jacob" "Ford" "UNK" "UNK" "7/20/83" "Central Arkansas" ""
"4362" "00-0025596" "C.Hilliard" "Corey" "Hilliard" "UNK" "UNK" "4/26/85" "Oklahoma State" ""
"4363" "00-0025597" "J.Kent" "Jordan" "Kent" "UNK" "UNK" "7/24/84" "Oregon" ""
"4364" "00-0025594" "P.Burgess" "Prescott" "Burgess" "UNK" "UNK" "3/6/84" "Michigan" ""
"4365" "00-0019586" "J.Ulbrich" "Jeff" "Ulbrich" "UNK" "UNK" "2/17/77" "Hawaii" ""
"4366" "00-0022017" "M.Scifres" "Mike" "Scifres" "UNK" "UNK" "10/8/80" "Western Illinois" ""
"4367" "00-0025660" "B.Goode" "Brett" "Goode" "UNK" "UNK" "11/2/84" "Arkansas" ""
"4368" "00-0025667" "P.Togafau" "Pago" "Togafau" "UNK" "UNK" "1/10/84" "Idaho State" ""
"4369" "00-0026319" "X.Omon" "Xavier" "Omon" "UNK" "UNK" "2/15/85" "Northwest Missouri State" ""
"4370" "00-0026318" "T.Mehlhaff" "Taylor" "Mehlhaff" "UNK" "UNK" "8/25/85" "Wisconsin" ""
"4371" "00-0025932" "A.Highsmith" "Ali" "Highsmith" "UNK" "UNK" "1/20/85" "LSU" ""
"4372" "00-0025933" "D.Keyes" "Dennis" "Keyes" "UNK" "UNK" "3/26/85" "UCLA" ""
"4373" "00-0025934" "L.Long" "Lance" "Long" "UNK" "UNK" "5/4/85" "Mississippi State" ""
"4374" "00-0025935" "C.Medder" "Carlton" "Medder" "UNK" "UNK" "12/1/84" "Florida" ""
"4375" "00-0027803" "T.Welch" "Thomas" "Welch" "UNK" "UNK" "6/19/87" "Vanderbilt" ""
"4376" "00-0026311" "M.Henry" "Marcus" "Henry" "UNK" "UNK" "2/21/86" "Kansas" ""
"4377" "00-0026310" "B.Richardson" "Barry" "Richardson" "UNK" "UNK" "5/15/86" "Clemson" ""
"4378" "00-0026313" "D.Barber" "Dominique" "Barber" "UNK" "UNK" "8/2/86" "Minnesota" ""
"4379" "00-0026312" "T.Brown" "Thomas" "Brown" "UNK" "UNK" "5/15/86" "Georgia" ""
"4380" "00-0026315" "G.Hayes" "Geno" "Hayes" "UNK" "UNK" "8/10/87" "Florida State" ""
"4381" "00-0033070" "" "Javien" "Elliott" "TB" "DB" "7/18/93" "Florida State" ""
"4382" "00-0026317" "C.Lynch" "Corey" "Lynch" "UNK" "UNK" "5/7/85" "Appalachian State" ""
"4383" "00-0026316" "J.Parmele" "Jalen" "Parmele" "UNK" "UNK" "12/30/85" "Toledo" ""
"4384" "00-0032749" "" "Isaiah" "Johnson" "TB" "DB" "10/14/92" "South Carolina" ""
"4385" "00-0026288" "C.Powell" "Carlton" "Powell" "UNK" "UNK" "8/14/85" "Virginia Tech" ""
"4386" "00-0023797" "D.Johnson" "Darcy" "Johnson" "UNK" "UNK" "2/11/83" "Central Florida" ""
"4387" "00-0032743" "" "Kivon" "Cartwright" "TB" "TE" "3/3/92" "Colorado State" ""
"4388" "00-0032741" "" "Peyton" "Barber" "TB" "RB" "6/27/94" "Auburn" ""
"4389" "00-0029849" "" "Tevita" "Stevens" "UNK" "UNK" "7/4/87" "Utah" ""
"4390" "00-0029844" "J.Staples" "Justin" "Staples" "TEN" "LB" "12/10/89" "Illinois" ""
"4391" "00-0029847" "M.Wallace" "Martin" "Wallace" "UNK" "UNK" "4/22/90" "Temple" ""
"4392" "00-0029840" "C.Hauptmann" "Caylin" "Hauptmann" "UNK" "UNK" "7/10/91" "Florida International" ""
"4393" "00-0029842" "D.Kruger" "Dave" "Kruger" "UNK" "UNK" "5/17/90" "Utah" ""
"4394" "00-0029843" "C.Roberson" "Cordell" "Roberson" "UNK" "UNK" "12/3/90" "Stephen F. Austin St." ""
"4395" "00-0027442" "F.Zombo" "Frank" "Zombo" "KC" "OLB" "3/5/87" "Central Michigan" ""
"4396" "00-0032740" "" "Lawrence" "Thomas" "NYJ" "DT" "4/16/93" "Michigan State" ""
"4397" "00-0032747" "" "Russell" "Hansbrough" "TB" "RB" "11/19/93" "Missouri" ""
"4398" "00-0032746" "" "Taylor" "Fallin" "UNK" "UNK" "11/2/92" "Memphis" ""
"4399" "00-0032745" "" "Alan" "Cross" "TB" "TE" "7/2/93" "Memphis" ""
"4400" "00-0026281" "G.Barnidge" "Gary" "Barnidge" "CLE" "TE" "9/22/85" "Louisville" ""
"4401" "00-0033079" "" "Ricardo" "Louis" "CLE" "WR" "3/23/94" "Auburn" ""
"4402" "00-0032977" "" "Rashard" "Higgins" "CLE" "WR" "10/7/94" "Colorado State" ""
"4403" "00-0026577" "M.Thigpen" "Marcus" "Thigpen" "UNK" "UNK" "5/15/86" "Indiana" ""
"4404" "00-0024223" "D.Whitner" "Donte" "Whitner" "UNK" "UNK" "7/24/85" "Ohio State" ""
"4405" "00-0024222" "M.Huff" "Michael" "Huff" "UNK" "UNK" "3/6/83" "Texas" ""
"4406" "00-0024221" "V.Davis" "Vernon" "Davis" "WAS" "TE" "1/31/84" "Maryland" ""
"4407" "00-0024220" "A.Hawk" "A.J." "Hawk" "UNK" "UNK" "1/6/84" "Ohio State" ""
"4408" "00-0024227" "H.Ngata" "Haloti" "Ngata" "DET" "DT" "1/21/84" "Oregon" ""
"4409" "00-0024226" "J.Cutler" "Jay" "Cutler" "CHI" "QB" "4/29/83" "Vanderbilt" ""
"4410" "00-0024225" "M.Leinart" "Matt" "Leinart" "UNK" "UNK" "5/11/83" "USC" ""
"4411" "00-0024224" "E.Sims" "Ernie" "Sims" "UNK" "UNK" "12/23/84" "Florida State" ""
"4412" "00-0026579" "K.Bell" "Kahlil" "Bell" "UNK" "UNK" "12/10/86" "UCLA" ""
"4413" "00-0024229" "B.Bunkley" "Brodrick" "Bunkley" "UNK" "UNK" "11/23/83" "Florida State" ""
"4414" "00-0024228" "K.Wimbley" "Kamerion" "Wimbley" "UNK" "UNK" "10/13/83" "Florida State" ""
"4415" "00-0023894" "D.Penn" "Donald" "Penn" "OAK" "T" "4/27/83" "Utah State" ""
"4416" "00-0023890" "J.Hunter" "Jason" "Hunter" "UNK" "UNK" "8/28/83" "Appalachian State" ""
"4417" "00-0023893" "J.Mitchell" "Jayme" "Mitchell" "UNK" "UNK" "3/15/84" "Mississippi" ""
"4418" "00-0021493" "V.Ciurciu" "Vinny" "Ciurciu" "UNK" "UNK" "5/2/80" "Boston College" ""
"4419" "00-0021490" "T.Brown" "Tony" "Brown" "UNK" "UNK" "9/29/80" "Memphis" ""
"4420" "00-0021941" "G.Hayes" "Gerald" "Hayes" "UNK" "UNK" "10/10/80" "Pittsburgh" ""
"4421" "00-0021940" "J.Brown" "Josh" "Brown" "NYG" "K" "4/29/79" "Nebraska" ""
"4422" "00-0024328" "V.Adeyanju" "Victor" "Adeyanju" "UNK" "UNK" "2/11/83" "Indiana" ""
"4423" "00-0024326" "D.Williams" "Demetrius" "Williams" "UNK" "UNK" "3/28/83" "Oregon" ""
"4424" "00-0024327" "I.Sowells" "Isaac" "Sowells" "UNK" "UNK" "5/4/82" "Indiana" ""
"4425" "00-0024324" "J.Avant" "Jason" "Avant" "UNK" "UNK" "4/20/83" "Michigan" ""
"4426" "00-0027669" "C.Brown" "Charles" "Brown" "UNK" "UNK" "4/10/87" "USC" ""
"4427" "00-0023639" "J.Berger" "Joe" "Berger" "MIN" "C" "5/25/82" "Michigan Tech" ""
"4428" "00-0023635" "D.Rayner" "Dave" "Rayner" "UNK" "UNK" "10/26/82" "Michigan State" ""
"4429" "00-0023633" "C.Myers" "Chris" "Myers" "UNK" "UNK" "9/15/81" "Miami (Fla.)" ""
"4430" "00-0024819" "M.Price" "Maurice" "Price" "UNK" "UNK" "9/11/85" "Charleston Southern" ""
"4431" "00-0022166" "C.Thompson" "Chaun" "Thompson" "UNK" "UNK" "5/22/80" "West Texas A&M" ""
"4432" "00-0024815" "T.Brackenridge" "Tyron" "Brackenridge" "UNK" "UNK" "6/30/84" "Washington State" ""
"4433" "00-0022164" "K.Boller" "Kyle" "Boller" "UNK" "UNK" "6/17/81" "California" ""
"4434" "00-0022161" "T.Suggs" "Terrell" "Suggs" "BAL" "OLB" "10/11/82" "Arizona State" ""
"4435" "00-0018503" "J.Zgonina" "Jeff" "Zgonina" "UNK" "UNK" "5/24/70" "Purdue" ""
"4436" "00-0021901" "T.Gilbert" "Tony" "Gilbert" "UNK" "UNK" "10/16/79" "Georgia" ""
"4437" "00-0024362" "I.Martin" "Ingle" "Martin" "UNK" "UNK" "8/15/82" "Furman" ""
"4438" "00-0024325" "L.Williams" "Leon" "Williams" "UNK" "UNK" "7/30/83" "Miami (Fla.)" ""
"4439" "00-0021949" "C.Johnson" "Chris" "Johnson" "UNK" "UNK" "9/25/79" "Louisville" ""
"4440" "00-0024323" "J.Evans" "Jahri" "Evans" "SEA" "G" "8/22/83" "Bloomsburg" ""
"4441" "00-0024320" "K.Simpson" "Ko" "Simpson" "UNK" "UNK" "11/9/83" "South Carolina" ""
"4442" "00-0024321" "G.Mills" "Garrett" "Mills" "UNK" "UNK" "10/12/83" "Tulsa" ""
"4443" "00-0022949" "S.Baggs" "Stevie" "Baggs" "UNK" "UNK" "12/30/81" "Bethune-Cookman" ""
"4444" "00-0022942" "P.Rivers" "Philip" "Rivers" "SD" "QB" "12/8/81" "North Carolina State" ""
"4445" "00-0022943" "B.Watson" "Benjamin" "Watson" "BAL" "TE" "12/18/80" "Georgia" ""
"4446" "00-0022944" "B.Sanders" "Bob" "Sanders" "UNK" "UNK" "2/24/81" "Iowa" ""
"4447" "00-0024594" "J.Newton" "Joe" "Newton" "UNK" "UNK" "10/15/83" "Oregon State" ""
"4448" "00-0009687" "T.Law" "Ty" "Law" "UNK" "UNK" "2/10/74" "Michigan" ""
"4449" "00-0032265" "" "Mario" "Edwards" "OAK" "DE" "1/25/94" "Florida State" ""
"4450" "00-0019706" "F.Robbins" "Fred" "Robbins" "UNK" "UNK" "3/26/77" "Wake Forest" ""
"4451" "00-0032969" "" "Nick" "Martin" "HOU" "C" "4/29/93" "Notre Dame" ""
"4452" "00-0028323" "T.McCarthy" "Tom" "McCarthy" "UNK" "UNK" "9/6/88" "Yale" ""
"4453" "00-0028456" "P.Livas" "Phillip" "Livas" "UNK" "UNK" "4/24/89" "Louisiana Tech" ""
"4454" "00-0028457" "J.Perez" "Jose" "Perez" "UNK" "UNK" "9/15/85" "San Diego State" ""
"4455" "00-0028458" "Q.Spears" "Quinton" "Spears" "UNK" "UNK" "5/11/88" "Prairie View A&M" ""
"4456" "00-0028459" "T.Atchison" "Tim" "Atchison" "UNK" "UNK" "9/27/87" "Baylor" ""
"4457" "00-0029493" "R.Quigley" "Ryan" "Quigley" "UNK" "UNK" "1/26/90" "Boston College" ""
"4458" "00-0028884" "B.McNally" "Brian" "McNally" "UNK" "UNK" "9/5/89" "New Hampshire" ""
"4459" "00-0030672" "B.Clay" "Brennan" "Clay" "UNK" "UNK" "12/20/91" "Oklahoma" ""
"4460" "00-0030675" "" "Lou" "Young" "CAR" "DB" "10/9/91" "Georgia Tech" ""
"4461" "00-0030901" "J.Legree" "Jimmy" "Legree" "UNK" "UNK" "1/13/91" "South Carolina" ""
"4462" "00-0030676" "J.Sullen" "Jordan" "Sullen" "UNK" "UNK" "6/25/90" "Tulane" ""
"4463" "00-0009978" "L.Little" "Leonard" "Little" "UNK" "UNK" "10/19/74" "Tennessee" ""
"4464" "00-0029320" "T.Biere" "Tim" "Biere" "UNK" "UNK" "9/10/89" "Kansas" ""
"4465" "00-0029491" "B.Bass" "Ben" "Bass" "UNK" "UNK" "10/12/89" "Texas A&M" ""
"4466" "00-0029322" "J.Fanor" "Jean" "Fanor" "UNK" "UNK" "6/17/89" "Bethune-Cookman" ""
"4467" "00-0029324" "T.Hartman" "Tysyn" "Hartman" "UNK" "UNK" "8/9/89" "Kansas State" ""
"4468" "00-0029327" "B.Kinnie" "Brandon" "Kinnie" "UNK" "UNK" "12/27/88" "Nebraska" ""
"4469" "00-0029494" "Jo.Anderson" "Joe" "Anderson" "UNK" "UNK" "11/21/88" "Texas Southern" ""
"4470" "00-0029329" "N.Thorpe" "Neiko" "Thorpe" "OAK" "CB" "2/1/90" "Auburn" ""
"4471" "00-0029328" "T.Parks" "Terrance" "Parks" "UNK" "UNK" "4/14/90" "Florida State" ""
"4472" "00-0029499" "B.Venson" "Brandon" "Venson" "UNK" "UNK" "2/17/88" "Illinois State" ""
"4473" "00-0024810" "C.Louis" "Cliff" "Louis" "UNK" "UNK" "8/24/84" "Morgan State" ""
"4474" "00-0024812" "T.Palko" "Tyler" "Palko" "UNK" "UNK" "8/9/83" "Pittsburgh" ""
"4475" "00-0024813" "P.Thomas" "Pierre" "Thomas" "UNK" "UNK" "12/18/84" "Illinois" ""
"4476" "00-0025497" "J.Bowie" "John" "Bowie" "UNK" "UNK" "5/11/84" "Cincinnati" ""
"4477" "00-0025496" "S.Nicholas" "Stephen" "Nicholas" "UNK" "UNK" "5/1/83" "South Florida" ""
"4478" "00-0025495" "P.Soliai" "Paul" "Soliai" "CAR" "DT" "12/30/83" "Utah" ""
"4479" "00-0025494" "A.Pittman" "Antonio" "Pittman" "UNK" "UNK" "12/19/85" "Ohio State" ""
"4480" "00-0025493" "T.Jackson" "Tanard" "Jackson" "WAS" "DB" "7/21/85" "Syracuse" ""
"4481" "00-0025492" "A.J.Davis" "A.J." "Davis" "UNK" "UNK" "5/29/83" "North Carolina State" ""
"4482" "00-0025491" "J.Moore" "Jay" "Moore" "UNK" "UNK" "8/16/83" "Nebraska" ""
"4483" "00-0025490" "I.Stanback" "Isaiah" "Stanback" "UNK" "UNK" "8/16/84" "Washington" ""
"4484" "00-0006101" "T.Gonzalez" "Tony" "Gonzalez" "UNK" "UNK" "2/27/76" "California" ""
"4485" "00-0025499" "D.Sepulveda" "Daniel" "Sepulveda" "UNK" "UNK" "1/12/84" "Baylor" ""
"4486" "00-0025498" "D.Wright" "Dwayne" "Wright" "UNK" "UNK" "6/2/83" "Fresno State" ""
"4487" "00-0029145" "M.Smith" "Michael" "Smith" "UNK" "UNK" "8/9/88" "Utah State" ""
"4488" "00-0029144" "T.Compton" "Tom" "Compton" "ATL" "OT" "5/10/89" "South Dakota" ""
"4489" "00-0029147" "D.Dunsmore" "Drake" "Dunsmore" "UNK" "UNK" "11/4/88" "Northwestern" ""
"4490" "00-0029146" "J.Sweezy" "J.R." "Sweezy" "TB" "OG" "4/8/89" "North Carolina State" ""
"4491" "00-0029141" "A.Morris" "Alfred" "Morris" "DAL" "RB" "12/12/88" "Florida Atlantic" ""
"4492" "00-0029140" "C.Rainey" "Chris" "Rainey" "UNK" "UNK" "3/2/88" "Florida" ""
"4493" "00-0026677" "D.Gerberry" "Dan" "Gerberry" "UNK" "UNK" "11/10/85" "Ball State" ""
"4494" "00-0026674" "J.Lacey" "Jacob" "Lacey" "UNK" "UNK" "5/28/87" "Oklahoma State" ""
"4495" "00-0026675" "D.Boldin" "D.J." "Boldin" "UNK" "UNK" "6/20/86" "Wake Forest" ""
"4496" "00-0027853" "T.Williams" "Teddy" "Williams" "CAR" "DB" "7/3/88" "Texas-San Antonio" ""
"4497" "00-0027852" "J.Price-Brent" "Josh" "Price-Brent" "UNK" "UNK" "1/30/88" "Illinois" ""
"4498" "00-0027805" "C.Grimm" "Cody" "Grimm" "UNK" "UNK" "2/26/87" "Virginia Tech" ""
"4499" "00-0022342" "E.Alexander" "Eric" "Alexander" "UNK" "UNK" "2/8/82" "LSU" ""
"4500" "00-0022341" "G.Wilson" "George" "Wilson" "UNK" "UNK" "3/14/81" "Arkansas" ""
"4501" "00-0022344" "R.Gay" "Randall" "Gay" "UNK" "UNK" "5/5/82" "LSU" ""
"4502" "00-0026678" "J.Gill" "John" "Gill" "UNK" "UNK" "10/28/86" "Northwestern" ""
"4503" "00-0026679" "S.Waters" "Swayze" "Waters" "UNK" "UNK" "5/18/87" "Alabama-Birmingham" ""
"4504" "00-0007213" "S.Heiden" "Steve" "Heiden" "UNK" "UNK" "9/21/76" "South Dakota State" ""
"4505" "00-0030499" "J.Jones" "Jarvis" "Jones" "PIT" "OLB" "10/13/89" "Georgia" ""
"4506" "00-0026414" "D.Jenkins" "Darnell" "Jenkins" "UNK" "UNK" "12/31/82" "Miami (Fla.)" ""
"4507" "00-0026413" "R.Grice-Mullen" "Ryan" "Grice-Mullen" "UNK" "UNK" "9/12/86" "Hawaii" ""
"4508" "00-0026410" "E.Wheelwright" "Ernie" "Wheelwright" "UNK" "UNK" "7/10/84" "Minnesota" ""
"4509" "00-0026411" "L.Williams" "Lorenzo" "Williams" "UNK" "UNK" "10/23/84" "Missouri" ""
"4510" "00-0030491" "D.Stafford" "Daimion" "Stafford" "TEN" "FS" "2/18/91" "Nebraska" ""
"4511" "00-0030490" "M.Bowie" "Michael" "Bowie" "UNK" "UNK" "9/25/91" "Northeastern State (Okla.)" ""
"4512" "00-0030493" "C.Clement" "Chase" "Clement" "UNK" "UNK" "8/1/89" "LSU" ""
"4513" "00-0030495" "T.Smith" "Tommy" "Smith" "UNK" "UNK" "11/19/90" "Boise State" ""
"4514" "00-0030497" "" "Marcus" "Lattimore" "UNK" "UNK" "10/29/91" "South Carolina" ""
"4515" "00-0030496" "L.Bell" "Le'Veon" "Bell" "PIT" "RB" "2/18/92" "Michigan State" ""
"4516" "00-0027235" "R.Ventrone" "Ross" "Ventrone" "UNK" "UNK" "9/27/86" "Villanova" ""
"4517" "00-0027237" "D.Fletcher" "Dane" "Fletcher" "UNK" "UNK" "9/14/86" "Montana State" ""
"4518" "00-0027236" "K.Love" "Kyle" "Love" "CAR" "DT" "11/18/86" "Mississippi State" ""
"4519" "00-0027233" "T.Johnson" "Terrence" "Johnson" "UNK" "UNK" "7/5/86" "California (PA)" ""
"4520" "00-0027232" "S.Brown" "Sergio" "Brown" "UNK" "UNK" "5/22/88" "Notre Dame" ""
"4521" "00-0027239" "D.Cromartie-Smith" "Da'Mon" "Cromartie-Smith" "UNK" "UNK" "2/19/87" "Texas-El Paso" ""
"4522" "00-0009119" "R.Kelly" "Reggie" "Kelly" "UNK" "UNK" "2/22/77" "Mississippi State" ""
"4523" "00-0022771" "E.Amano" "Eugene" "Amano" "UNK" "UNK" "3/1/82" "Southeast Missouri State" ""
"4524" "00-0022770" "D.Ward" "Derrick" "Ward" "UNK" "UNK" "8/30/80" "Ottawa (Kans.)" ""
"4525" "00-0022779" "S.Andrews" "Shawn" "Andrews" "UNK" "UNK" "12/25/82" "Arkansas" ""
"4526" "00-0022778" "J.Vilma" "Jonathan" "Vilma" "UNK" "UNK" "4/16/82" "Miami (Fla.)" ""
"4527" "00-0031470" "" "Dayonne" "Nunley" "UNK" "UNK" "12/10/91" "Miami (Ohio)" ""
"4528" "00-0031471" "" "Rob" "Ruggiero" "UNK" "UNK" "//" "Bridgewater State" ""
"4529" "00-0031472" "" "Cameron" "Fuller" "UNK" "UNK" "//" "New Mexico State" ""
"4530" "00-0031474" "" "Delvin" "Breaux" "NO" "CB" "10/25/89" "LSU" ""
"4531" "00-0032268" "" "Marcus" "Mariota" "TEN" "QB" "10/30/93" "Oregon" ""
"4532" "00-0032269" "" "Henry" "Anderson" "IND" "DE" "8/3/91" "Stanford" ""
"4533" "00-0031436" "" "Jeremy" "Grable" "UNK" "UNK" "//" "Valdosta State" ""
"4534" "00-0031437" "M.Ewald" "Mitch" "Ewald" "UNK" "UNK" "9/2/90" "Indiana" ""
"4535" "00-0031431" "" "Marqise" "Lee" "UNK" "UNK" "11/25/91" "USC" ""
"4536" "00-0032261" "" "Malcom" "Brown" "NE" "DT" "2/2/94" "Texas" ""
"4537" "00-0032262" "" "Landon" "Collins" "NYG" "FS" "1/10/94" "Alabama" ""
"4538" "00-0023429" "R.Davis" "Rashied" "Davis" "UNK" "UNK" "7/24/79" "San Jose State" ""
"4539" "00-0032267" "" "Kevin" "Short" "NYJ" "DB" "3/23/92" "Fort Scott CC KS" ""
"4540" "00-0031518" "" "Zack" "Hodges" "UNK" "UNK" "2/18/92" "Harvard" ""
"4541" "00-0021578" "N.Clemons" "Nic" "Clemons" "UNK" "UNK" "2/3/80" "Georgia" ""
"4542" "00-0021577" "C.Clemons" "Chris" "Clemons" "UNK" "UNK" "10/30/81" "Georgia" ""
"4543" "00-0021570" "K.Osgood" "Kassim" "Osgood" "UNK" "UNK" "5/20/80" "San Diego State" ""
"4544" "00-0028848" "T.Horn" "Tyler" "Horn" "UNK" "UNK" "3/1/89" "Miami (Fla.)" ""
"4545" "00-0028843" "A.Hardy" "Andre" "Hardy" "UNK" "UNK" "3/18/87" "Cal State-Fullerton" ""
"4546" "00-0028842" "H.Smith" "Hayden" "Smith" "UNK" "UNK" "4/10/85" "Metro State" ""
"4547" "00-0028841" "W.Johnson" "Will" "Johnson" "NYG" "RB" "11/14/88" "West Virginia" ""
"4548" "00-0028840" "" "Nick" "Taylor" "UNK" "UNK" "3/27/88" "Florida International" ""
"4549" "00-0028847" "P.Schiller" "Pat" "Schiller" "UNK" "UNK" "11/12/88" "Northern Illinois" ""
"4550" "00-0028846" "P.Thompson" "Peyton" "Thompson" "UNK" "UNK" "9/26/90" "San Jose State" ""
"4551" "00-0028845" "J.Harris" "Josh" "Harris" "ATL" "LS" "4/27/89" "Auburn" ""
"4552" "00-0030709" "K.Boone" "Kadron" "Boone" "UNK" "UNK" "9/13/91" "LSU" ""
"4553" "00-0030708" "" "Karim" "Barton" "HOU" "OG" "12/13/91" "Morgan State" ""
"4554" "00-0027621" "J.Fitzgerald" "Jeffrey" "Fitzgerald" "UNK" "UNK" "10/30/87" "Kansas State" ""
"4555" "00-0030701" "" "A.J." "Pataiali'i" "UNK" "UNK" "9/13/90" "Utah State" ""
"4556" "00-0030700" "Z.Orr" "Zach" "Orr" "BAL" "LB" "6/9/92" "North Texas" ""
"4557" "00-0030703" "S.Seamster" "Sammy" "Seamster" "BUF" "DB" "2/5/91" "Middle Tennessee State" ""
"4558" "00-0030705" "J.Thompson" "Juwan" "Thompson" "DEN" "RB" "5/13/92" "Duke" ""
"4559" "00-0030704" "" "Brett" "Van Sloten" "UNK" "UNK" "11/2/90" "Iowa" ""
"4560" "00-0030707" "" "Blake" "Annen" "BUF" "TE" "5/28/91" "Cincinnati" ""
"4561" "00-0030706" "" "Josh" "Andrews" "PHI" "G" "6/21/91" "Oregon State" ""
"4562" "00-0027156" "T.Underwood" "Tiquan" "Underwood" "UNK" "UNK" "2/17/87" "Rutgers" ""
"4563" "00-0027527" "C.Brown" "Carlos" "Brown" "UNK" "UNK" "4/28/88" "Michigan" ""
"4564" "00-0028159" "D.Scott" "Da'Rel" "Scott" "UNK" "UNK" "5/26/88" "Maryland" ""
"4565" "00-0028158" "S.Chapas" "Shaun" "Chapas" "UNK" "UNK" "5/2/88" "Georgia" ""
"4566" "00-0022178" "W.McGahee" "Willis" "McGahee" "UNK" "UNK" "10/21/81" "Miami (Fla.)" ""
"4567" "00-0028151" "B.Thompson" "Brandyn" "Thompson" "UNK" "UNK" "10/30/89" "Boise State" ""
"4568" "00-0028150" "Z.Clayton" "Zach" "Clayton" "UNK" "UNK" "1/1/88" "Auburn" ""
"4569" "00-0028153" "D.Reed" "D'Aundre" "Reed" "UNK" "UNK" "1/1/88" "Arizona" ""
"4570" "00-0028152" "D.Newton" "Derek" "Newton" "HOU" "T" "11/16/87" "Arkansas State" ""
"4571" "00-0022171" "K.Washington" "Kelley" "Washington" "UNK" "UNK" "8/21/79" "Tennessee" ""
"4572" "00-0028154" "M.Baker" "Mikail" "Baker" "UNK" "UNK" "6/19/87" "Baylor" ""
"4573" "00-0022173" "W.Joseph" "William" "Joseph" "UNK" "UNK" "9/3/79" "Miami (Fla.)" ""
"4574" "00-0028156" "R.Taylor" "Ryan" "Taylor" "UNK" "UNK" "11/16/87" "North Carolina" ""
"4575" "00-0029829" "D.Swanson" "Dax" "Swanson" "DAL" "DB" "3/21/91" "Sam Houston State" ""
"4576" "00-0026734" "B.Braxton" "Branndon" "Braxton" "UNK" "UNK" "12/10/85" "Oklahoma" ""
"4577" "00-0026733" "C.Bullock" "Chase" "Bullock" "UNK" "UNK" "2/13/86" "Maryland" ""
"4578" "00-0030939" "" "Erik" "Lora" "UNK" "UNK" "3/14/91" "Eastern Illinois" ""
"4579" "00-0030936" "M.Hall" "Matt" "Hall" "UNK" "UNK" "4/24/90" "Belhaven College" ""
"4580" "00-0030937" "" "Zac" "Kerin" "MIN" "OG" "8/13/91" "Toledo" ""
"4581" "00-0030934" "I.Faciane" "Isame" "Faciane" "MIN" "OG" "5/11/91" "Florida International" ""
"4582" "00-0030933" "" "Rakim" "Cox" "CAR" "DE" "2/12/91" "Villanova" ""
"4583" "00-0030687" "D.Skinner" "Deontae" "Skinner" "UNK" "UNK" "12/18/90" "Mississippi State" ""
"4584" "00-0025644" "T.Duckworth" "Tim" "Duckworth" "UNK" "UNK" "9/14/82" "Auburn" ""
"4585" "00-0025642" "R.Robinson" "Ramzee" "Robinson" "UNK" "UNK" "2/20/84" "Alabama" ""
"4586" "00-0025640" "C.Ndukwe" "Chinedum" "Ndukwe" "UNK" "UNK" "3/4/85" "Notre Dame" ""
"4587" "00-0021149" "A.Haynesworth" "Albert" "Haynesworth" "UNK" "UNK" "6/17/81" "Tennessee" ""
"4588" "00-0021148" "J.Shockey" "Jeremy" "Shockey" "UNK" "UNK" "8/18/80" "Miami (Fla.)" ""
"4589" "00-0021145" "L.Jones" "Levi" "Jones" "UNK" "UNK" "8/24/79" "Arizona State" ""
"4590" "00-0029795" "B.Cunningham" "Benny" "Cunningham" "UNK" "UNK" "7/7/90" "Middle Tennessee State" ""
"4591" "00-0030642" "" "Chad" "Rempel" "UNK" "UNK" "5/23/82" "Saskatchewan (Canada)" ""
"4592" "00-0030643" "J.Dombrowski" "Jacob" "Dombrowski" "UNK" "UNK" "3/18/91" "Harvard" ""
"4593" "00-0029799" "L.McCray" "Lerentee" "McCray" "BUF" "LB" "8/26/90" "Florida" ""
"4594" "00-0030648" "A.Villanueva" "Alejandro" "Villanueva" "PIT" "T" "9/22/88" "Army" ""
"4595" "00-0030649" "J.Harrison" "Jonotthan" "Harrison" "IND" "C" "8/25/91" "Florida" ""
"4596" "00-0019573" "R.Smith" "Robaire" "Smith" "UNK" "UNK" "11/15/77" "Michigan State" ""
"4597" "00-0026089" "M.Leggett" "Maurice" "Leggett" "UNK" "UNK" "10/2/86" "Valdosta State" ""
"4598" "00-0024345" "D.Hixon" "Domenik" "Hixon" "UNK" "UNK" "10/8/84" "Akron" ""
"4599" "00-0009323" "J.Kleinsasser" "Jimmy" "Kleinsasser" "UNK" "UNK" "1/31/77" "North Dakota" ""
"4600" "00-0026081" "L.Leggett" "Lance" "Leggett" "UNK" "UNK" "2/11/85" "Miami (Fla.)" ""
"4601" "00-0026080" "J.Lee" "James" "Lee" "UNK" "UNK" "8/17/85" "South Carolina State" ""
"4602" "00-0026084" "B.Schaefering" "Brian" "Schaefering" "UNK" "UNK" "8/20/83" "Lindenwood" ""
"4603" "00-0027420" "T.Hudgins" "Terrell" "Hudgins" "UNK" "UNK" "2/24/87" "Elon" ""
"4604" "00-0027421" "B.McCann" "Bryan" "McCann" "UNK" "UNK" "9/29/87" "Southern Methodist" ""
"4605" "00-0027422" "D.McCray" "Danny" "McCray" "UNK" "UNK" "3/10/88" "LSU" ""
"4606" "00-0032465" "" "DeAndre" "Elliott" "SEA" "CB" "11/21/92" "Colorado State" ""
"4607" "00-0027648" "R.Saffold" "Rodger" "Saffold" "UNK" "UNK" "6/6/88" "Indiana" ""
"4608" "00-0025913" "J.Johnson" "James" "Johnson" "UNK" "UNK" "9/6/84" "Kansas State" ""
"4609" "00-0025910" "S.Castille" "Simeon" "Castille" "UNK" "UNK" "10/12/85" "Alabama" ""
"4610" "00-0023774" "N.Tahi" "Naufahu" "Tahi" "UNK" "UNK" "10/30/81" "Brigham Young" ""
"4611" "00-0027649" "C.Cook" "Chris" "Cook" "UNK" "UNK" "2/15/87" "Virginia" ""
"4612" "00-0019127" "T.Yoder" "Todd" "Yoder" "UNK" "UNK" "3/18/78" "Vanderbilt" ""
"4613" "00-0027642" "M.Nixon" "Mike" "Nixon" "UNK" "UNK" "8/17/83" "Arizona State" ""
"4614" "00-0027645" "R.McClain" "Rolando" "McClain" "UNK" "UNK" "7/14/89" "Alabama" ""
"4615" "00-0027424" "M.Nichols" "Matt" "Nichols" "UNK" "UNK" "3/19/87" "Eastern Washington" ""
"4616" "00-0032463" "" "Kyle" "Peko" "DEN" "NT" "7/23/93" "Oregon State" ""
"4617" "00-0032460" "" "Dwayne" "Norman" "DEN" "LB" "9/23/93" "Duke" ""
"4618" "00-0027428" "N.Tow-Arnett" "Nick" "Tow-Arnett" "UNK" "UNK" "9/7/84" "Minnesota" ""
"4619" "00-0027429" "V.Tucker" "Verran" "Tucker" "UNK" "UNK" "6/26/88" "California" ""
"4620" "00-0027939" "C.Newton" "Cam" "Newton" "CAR" "QB" "5/11/89" "Auburn" ""
"4621" "00-0028445" "R.Parker" "Ron" "Parker" "KC" "SS" "8/17/87" "Newberry" ""
"4622" "00-0032468" "" "Frank" "Shannon" "UNK" "UNK" "10/31/92" "Oklahoma" ""
"4623" "00-0032469" "" "Lars" "Koht" "DEN" "DT" "8/16/93" "Florida International" ""
"4624" "00-0025682" "L.Sendlein" "Lyle" "Sendlein" "UNK" "UNK" "3/16/84" "Texas" ""
"4625" "00-0025681" "R.Schmitt" "Ricky" "Schmitt" "UNK" "UNK" "8/17/85" "Shepherd" ""
"4626" "00-0028443" "M.Morgan" "Mike" "Morgan" "SEA" "OLB" "1/16/88" "USC" ""
"4627" "00-0025689" "M.Devito" "Mike" "DeVito" "UNK" "UNK" "6/10/84" "Maine" ""
"4628" "00-0028334" "D.Walls" "Darrin" "Walls" "DET" "DB" "6/20/88" "Notre Dame" ""
"4629" "00-0026333" "J.Johnson" "Jaymar" "Johnson" "UNK" "UNK" "7/10/84" "Jackson State" ""
"4630" "00-0026331" "P.Hubbard" "Paul" "Hubbard" "UNK" "UNK" "6/12/85" "Wisconsin" ""
"4631" "00-0026330" "A.Rubin" "Ahtyba" "Rubin" "SEA" "DT" "7/25/86" "Iowa State" ""
"4632" "00-0026337" "Bo Ruud" "Bo" "Ruud" "UNK" "UNK" "9/2/84" "Nebraska" ""
"4633" "00-0032729" "" "Ufomba" "Kamalu" "HOU" "DE" "11/2/92" "Miami (Fla.)" ""
"4634" "00-0032728" "" "Tevin" "Jones" "UNK" "UNK" "12/26/92" "Memphis" ""
"4635" "00-0032725" "" "Stephen" "Anderson" "HOU" "TE" "1/30/93" "California" ""
"4636" "00-0032724" "" "Bryce" "Treggs" "SF" "WR" "4/30/94" "California" ""
"4637" "00-0032727" "" "Joel" "Heath" "HOU" "DT" "6/18/93" "Michigan State" ""
"4638" "00-0032726" "" "Ka'imi" "Fairbairn" "HOU" "K" "1/29/94" "UCLA" ""
"4639" "00-0032721" "" "John" "Lunsford" "UNK" "UNK" "11/14/93" "Liberty" ""
"4640" "00-0032720" "" "Darren" "Lake" "UNK" "UNK" "12/28/93" "Alabama" ""
"4641" "00-0032723" "" "Norman" "Price" "SF" "OT" "8/25/94" "Southern Mississippi" ""
"4642" "00-0032722" "" "Blake" "Muir" "UNK" "UNK" "5/10/91" "Baylor" ""
"4643" "00-0027684" "E.Mitchell" "Earl" "Mitchell" "MIA" "DT" "9/25/87" "Arizona" ""
"4644" "00-0024347" "O.Harris" "Orien" "Harris" "UNK" "UNK" "6/3/83" "Miami (Fla.)" ""
"4645" "00-0024340" "S.Green" "Skyler" "Green" "UNK" "UNK" "9/12/84" "LSU" ""
"4646" "00-0024341" "E.Dumervil" "Elvis" "Dumervil" "BAL" "OLB" "1/19/84" "Louisville" ""
"4647" "00-0024342" "R.Edwards" "Ray" "Edwards" "UNK" "UNK" "1/1/85" "Purdue" ""
"4648" "00-0027685" "E.Sanders" "Emmanuel" "Sanders" "DEN" "WR" "3/17/87" "Southern Methodist" ""
"4649" "00-0027686" "C.Peters" "Corey" "Peters" "ARI" "DT" "6/8/88" "Kentucky" ""
"4650" "00-0027687" "J.Shipley" "Jordan" "Shipley" "UNK" "UNK" "12/23/85" "Texas" ""
"4651" "00-0027680" "M.Wright" "Major" "Wright" "UNK" "UNK" "7/1/88" "Florida" ""
"4652" "00-0027681" "B.LaFell" "Brandon" "LaFell" "CIN" "WR" "11/4/86" "LSU" ""
"4653" "00-0027682" "D.Butler" "Donald" "Butler" "ARI" "LB" "10/17/88" "Washington" ""
"4654" "00-0027683" "J.Walton" "J.D." "Walton" "UNK" "UNK" "3/24/87" "Baylor" ""
"4655" "00-0023676" "N.Herron" "Noah" "Herron" "UNK" "UNK" "4/3/82" "Northwestern" ""
"4656" "00-0027688" "C.McCoy" "Colt" "McCoy" "WAS" "QB" "9/5/86" "Texas" ""
"4657" "00-0027689" "D.Te'o-Nesheim" "Daniel" "Te'o-Nesheim" "UNK" "UNK" "6/12/87" "Washington" ""
"4658" "00-0031287" "A.Murray" "Aaron" "Murray" "KC" "QB" "11/10/90" "Georgia" ""
"4659" "00-0031286" "" "Arthur" "Lynch" "UNK" "UNK" "6/17/90" "Georgia" ""
"4660" "00-0031285" "D.Freeman" "Devonta" "Freeman" "ATL" "RB" "3/15/92" "Florida State" ""
"4661" "00-0031284" "T.Swanson" "Travis" "Swanson" "DET" "C" "1/30/91" "Arkansas" ""
"4662" "00-0031283" "S.Crichton" "Scott" "Crichton" "MIN" "DE" "10/30/91" "Oregon State" ""
"4663" "00-0031282" "" "Justin" "Britt" "SEA" "OG" "5/29/91" "Missouri" ""
"4664" "00-0031281" "R.Hageman" "Ra'Shede" "Hageman" "ATL" "DT" "8/8/90" "Minnesota" ""
"4665" "00-0031280" "D.Carr" "Derek" "Carr" "OAK" "QB" "3/28/91" "Fresno State" ""
"4666" "00-0031288" "" "AJ" "McCarron" "CIN" "QB" "9/13/90" "Alabama" ""
"4667" "00-0032095" "" "Brandon" "Cottom" "SEA" "TE" "12/21/92" "Purdue" ""
"4668" "00-0032094" "" "Tyrell" "Adams" "KC" "LB" "4/11/92" "West Georgia" ""
"4669" "00-0005113" "J.Feagles" "Jeff" "Feagles" "UNK" "UNK" "3/7/66" "Miami (Fla.)" ""
"4670" "00-0032098" "D.Brown" "Daniel" "Brown" "BAL" "TE" "5/26/92" "James Madison" ""
"4671" "00-0024793" "J.Porter" "Joe" "Porter" "UNK" "UNK" "11/27/85" "Rutgers" ""
"4672" "00-0029312" "M.Kuhn" "Markus" "Kuhn" "NE" "DT" "5/5/86" "North Carolina State" ""
"4673" "00-0022177" "B.Leftwich" "Byron" "Leftwich" "UNK" "UNK" "1/14/80" "Marshall" ""
"4674" "00-0014071" "A.Rossum" "Allen" "Rossum" "UNK" "UNK" "10/22/75" "Notre Dame" ""
"4675" "00-0028155" "M.Hurt" "Maurice" "Hurt" "UNK" "UNK" "11/8/87" "Florida" ""
"4676" "00-0028157" "M.Williams" "Malcolm" "Williams" "UNK" "UNK" "11/22/87" "Texas Christian" ""
"4677" "00-0024245" "J.Addai" "Joseph" "Addai" "UNK" "UNK" "5/3/83" "LSU" ""
"4678" "00-0024244" "N.Mangold" "Nick" "Mangold" "NYJ" "C" "1/13/84" "Ohio State" ""
"4679" "00-0024247" "M.Kiwanuka" "Mathias" "Kiwanuka" "UNK" "UNK" "3/8/83" "Boston College" ""
"4680" "00-0024246" "K.Jennings" "Kelly" "Jennings" "UNK" "UNK" "11/30/82" "Miami (Fla.)" ""
"4681" "00-0024241" "J.McCargo" "John" "McCargo" "UNK" "UNK" "8/19/83" "North Carolina State" ""
"4682" "00-0027871" "S.Weatherspoon" "Sean" "Weatherspoon" "ATL" "LB" "12/29/87" "Missouri" ""
"4683" "00-0027870" "M.Pouncey" "Maurkice" "Pouncey" "PIT" "C" "7/24/89" "Florida" ""
"4684" "00-0027879" "K.Wilson" "Kyle" "Wilson" "NO" "DB" "9/8/87" "Boise State" ""
"4685" "00-0027878" "J.Odrick" "Jared" "Odrick" "UNK" "UNK" "12/31/87" "Penn State" ""
"4686" "00-0026698" "L.Beavers" "Larry" "Beavers" "UNK" "UNK" "10/7/85" "Wesleyan" ""
"4687" "00-0026691" "C.Williams" "Chris" "Williams" "UNK" "UNK" "9/16/87" "New Mexico State" ""
"4688" "00-0026693" "P.Morris" "Phillip" "Morris" "UNK" "UNK" "7/2/86" "South Carolina State" ""
"4689" "00-0026695" "D.Hendricks" "Dwayne" "Hendricks" "UNK" "UNK" "3/17/86" "Miami (Fla.)" ""
"4690" "00-0026696" "S.Rashad" "Sha'reff" "Rashad" "UNK" "UNK" "10/6/86" "Central Florida" ""
"4691" "00-0024240" "S.Holmes" "Santonio" "Holmes" "UNK" "UNK" "3/3/84" "Ohio State" ""
"4692" "00-0024243" "M.Lewis" "Marcedes" "Lewis" "UNK" "UNK" "5/19/84" "UCLA" ""
"4693" "00-0024242" "De.Williams" "DeAngelo" "Williams" "PIT" "RB" "4/25/83" "Memphis" ""
"4694" "00-0024300" "B.Croyle" "Brodie" "Croyle" "UNK" "UNK" "2/6/83" "Alabama" ""
"4695" "00-0024301" "D.Thomas" "David" "Thomas" "UNK" "UNK" "7/5/83" "Texas" ""
"4696" "00-0024305" "M.Stovall" "Maurice" "Stovall" "UNK" "UNK" "2/21/85" "Notre Dame" ""
"4697" "00-0024308" "D.Byrd" "Dominique" "Byrd" "UNK" "UNK" "2/7/84" "USC" ""
"4698" "00-0029791" "R.Wingo" "Ronnie" "Wingo" "UNK" "UNK" "2/18/91" "Arkansas" ""
"4699" "00-0030646" "S.Campbell" "Stephen" "Campbell" "UNK" "UNK" "10/10/90" "West Virginia Wesleyan" ""
"4700" "00-0030647" "" "Jordan" "Thompson" "UNK" "UNK" "7/12/89" "Ohio U." ""
"4701" "00-0001477" "M.Booker" "Marty" "Booker" "UNK" "UNK" "7/31/76" "Louisiana-Monroe" ""
"4702" "00-0030640" "M.Ball" "Marcus" "Ball" "CAR" "DB" "7/21/87" "Memphis" ""
"4703" "00-0029796" "P.Lutzenkirchen" "Philip" "Lutzenkirchen" "UNK" "UNK" "6/1/91" "Auburn" ""
"4704" "00-0029619" "J.Lane" "Jorvorskie" "Lane" "UNK" "UNK" "2/4/87" "Texas A&M" ""
"4705" "00-0029618" "C.Gatewood" "Corey" "Gatewood" "UNK" "UNK" "7/13/88" "Stanford" ""
"4706" "00-0028305" "J.Sanders" "Jock" "Sanders" "UNK" "UNK" "6/14/88" "West Virginia" ""
"4707" "00-0028306" "D.Lewis" "Detron" "Lewis" "UNK" "UNK" "8/20/89" "Texas Tech" ""
"4708" "00-0028307" "D.Davis" "Drew" "Davis" "UNK" "UNK" "1/4/89" "Oregon" ""
"4709" "00-0028300" "B.Bulcke" "Brian" "Bulcke" "UNK" "UNK" "4/27/87" "Stanford" ""
"4710" "00-0028301" "D.Beaumont" "Doug" "Beaumont" "UNK" "UNK" "12/11/88" "Louisville" ""
"4711" "00-0028302" "K.Belgrave" "Kirk" "Belgrave" "UNK" "UNK" "1/29/87" "Kent State" ""
"4712" "00-0028303" "L.Cox" "Lucas" "Cox" "UNK" "UNK" "11/24/87" "Georgia Tech" ""
"4713" "00-0028308" "" "Raymond" "Webber" "UNK" "UNK" "6/1/89" "Arkansas-Pine Bluff" ""
"4714" "00-0028309" "C.Yount" "Christian" "Yount" "UNK" "UNK" "7/8/88" "UCLA" ""
"4715" "00-0020489" "A.Carter" "Andre" "Carter" "UNK" "UNK" "5/12/79" "California" ""
"4716" "00-0026758" "C.Spillman" "C.J." "Spillman" "UNK" "UNK" "5/6/86" "Marshall" ""
"4717" "00-0031181" "R.Allen" "Ricardo" "Allen" "ATL" "FS" "12/18/91" "Purdue" ""
"4718" "00-0031182" "" "Kevin" "Pamphile" "TB" "OT" "11/27/90" "Purdue" ""
"4719" "00-0031183" "" "Marquis" "Spruill" "UNK" "UNK" "5/14/91" "Syracuse" ""
"4720" "00-0031456" "" "Nu'Keese" "Richardson" "UNK" "UNK" "//" "Pikeville" ""
"4721" "00-0031457" "" "Jeremy" "Towns" "UNK" "UNK" "3/9/89" "Samford" ""
"4722" "00-0031454" "" "Adam" "Gress" "UNK" "UNK" "12/28/90" "Penn State" ""
"4723" "00-0020480" "S.Rosenfels" "Sage" "Rosenfels" "UNK" "UNK" "3/6/78" "Iowa State" ""
"4724" "00-0031702" "" "Alani" "Fua" "ARI" "OLB" "1/1/92" "Brigham Young" ""
"4725" "00-0031700" "" "Cariel" "Brooks" "ARI" "DB" "4/24/91" "Adams State" ""
"4726" "00-0031701" "" "Rob" "Crisp" "ARI" "OT" "1/3/91" "North Carolina State" ""
"4727" "00-0031706" "" "Paul" "Lasike" "CHI" "RB" "6/18/90" "Brigham Young" ""
"4728" "00-0031707" "" "Gabe" "Martin" "ARI" "LB" "6/5/92" "Bowling Green State" ""
"4729" "00-0031704" "" "Edwin" "Jackson" "IND" "LB" "12/19/91" "Georgia Southern" ""
"4730" "00-0022097" "B.Lloyd" "Brandon" "Lloyd" "UNK" "UNK" "7/5/81" "Illinois" ""
"4731" "00-0022094" "M.Holland" "Montrae" "Holland" "UNK" "UNK" "5/21/80" "Florida State" ""
"4732" "00-0022092" "C.Brown" "Chris" "Brown" "UNK" "UNK" "4/17/81" "Colorado" ""
"4733" "00-0022093" "J.Fargas" "Justin" "Fargas" "UNK" "UNK" "1/25/80" "USC" ""
"4734" "00-0022090" "S.Williams" "Sam" "Williams" "UNK" "UNK" "7/28/80" "Fresno State" ""
"4735" "00-0026654" "" "Ryan" "McKee" "UNK" "UNK" "11/4/86" "Southern Mississippi" ""
"4736" "00-0026655" "R.Myers" "Rob" "Myers" "UNK" "UNK" "4/9/86" "Utah State" ""
"4737" "00-0021684" "C.Cole" "Colin" "Cole" "UNK" "UNK" "6/24/80" "Iowa" ""
"4738" "00-0029308" "G.Scruggs" "Greg" "Scruggs" "CHI" "TE" "8/17/90" "Louisville" ""
"4739" "00-0026650" "B.Davis" "Britt" "Davis" "UNK" "UNK" "4/23/86" "Northern Illinois" ""
"4740" "00-0026651" "K.Fitzhugh" "Keith" "Fitzhugh" "UNK" "UNK" "11/11/86" "Mississippi State" ""
"4741" "00-0029307" "G.McCoy" "Greg" "McCoy" "UNK" "UNK" "9/8/88" "Texas Christian" ""
"4742" "00-0029306" "J.Long" "Jerome" "Long" "UNK" "UNK" "4/9/90" "San Diego State" ""
"4743" "00-0029305" "D.Campbell" "D.J." "Campbell" "UNK" "UNK" "7/24/89" "California" ""
"4744" "00-0029304" "B.Nortman" "Brad" "Nortman" "UNK" "UNK" "9/12/89" "Wisconsin" ""
"4745" "00-0026438" "M.Grant" "Michael" "Grant" "UNK" "UNK" "3/20/86" "Arkansas" ""
"4746" "00-0021357" "R.Cartwright" "Rock" "Cartwright" "UNK" "UNK" "12/3/79" "Kansas State" ""
"4747" "00-0029169" "" "Chris" "Givens" "UNK" "UNK" "1/28/89" "Miami (Ohio)" ""
"4748" "00-0029168" "" "Brian" "Folkerts" "UNK" "UNK" "1/30/90" "Washburn" ""
"4749" "00-0029167" "A.Davis" "A.J." "Davis" "UNK" "UNK" "7/6/89" "Jacksonville State" ""
"4750" "00-0029166" "D.Snow" "David" "Snow" "UNK" "UNK" "11/9/89" "Texas" ""
"4751" "00-0029165" "T.Jerod-Eddie" "Tony" "Jerod-Eddie" "SF" "DE" "3/29/90" "Texas A&M" ""
"4752" "00-0029164" "" "Mike" "Remmers" "CAR" "T" "4/11/89" "Oregon State" ""
"4753" "00-0029163" "D.Johnson" "Delvin" "Johnson" "UNK" "UNK" "8/21/89" "Marshall" ""
"4754" "00-0027405" "A.Pettrey" "Aaron" "Pettrey" "UNK" "UNK" "6/17/86" "Ohio State" ""
"4755" "00-0026314" "J.Morgan" "Josh" "Morgan" "UNK" "UNK" "6/20/85" "Virginia Tech" ""
"4756" "00-0030916" "A.Darby" "Alden" "Darby" "IND" "DB" "6/22/92" "Arizona State" ""
"4757" "00-0030665" "D.Sorensen" "Daniel" "Sorensen" "KC" "DB" "3/5/90" "Brigham Young" ""
"4758" "00-0030918" "M.Flacco" "Mike" "Flacco" "UNK" "UNK" "1/17/87" "New Haven" ""
"4759" "00-0030919" "" "Micah" "Hatfield" "UNK" "UNK" "8/10/89" "Oregon State" ""
"4760" "00-0028257" "C.Adingupu" "Chris" "Adingupu" "UNK" "UNK" "11/20/87" "Prairie View A&M" ""
"4761" "00-0028706" "A.Smith" "Armond" "Smith" "UNK" "UNK" "5/7/86" "Union College (KY)" ""
"4762" "00-0029162" "C.Wiggs" "Carson" "Wiggs" "UNK" "UNK" "2/20/90" "Purdue" ""
"4763" "00-0029161" "L.Tuinei" "Lavasier" "Tuinei" "UNK" "UNK" "9/29/90" "Oregon" ""
"4764" "00-0024495" "A.Brooks" "Ahmad" "Brooks" "SF" "OLB" "3/14/84" "Virginia" ""
"4765" "00-0023053" "J.Butler" "James" "Butler" "UNK" "UNK" "9/7/82" "Georgia Tech" ""
"4766" "00-0027749" "Z.Mesko" "Zoltan" "Mesko" "UNK" "UNK" "3/6/86" "Michigan" ""
"4767" "00-0027748" "H.Davis" "Hall" "Davis" "UNK" "UNK" "3/2/87" "Louisiana-Lafayette" ""
"4768" "00-0027218" "J.Bell" "Joique" "Bell" "UNK" "UNK" "8/4/86" "Wayne State (Mich.)" ""
"4769" "00-0027741" "C.Sheffield" "Cameron" "Sheffield" "UNK" "UNK" "2/12/88" "Troy" ""
"4770" "00-0027743" "S.McManis" "Sherrick" "McManis" "CHI" "CB" "12/19/87" "Northwestern" ""
"4771" "00-0027742" "L.Hart" "Larry" "Hart" "UNK" "UNK" "7/16/87" "Central Arkansas" ""
"4772" "00-0027744" "N.Carroll" "Nolan" "Carroll" "PHI" "CB" "1/18/87" "Maryland" ""
"4773" "00-0027747" "R.Johnson" "Robert" "Johnson" "UNK" "UNK" "2/13/87" "Utah" ""
"4774" "00-0027746" "M.Petrus" "Mitch" "Petrus" "UNK" "UNK" "5/11/87" "Arkansas" ""
"4775" "00-0020972" "B.Cundiff" "Billy" "Cundiff" "UNK" "UNK" "3/30/80" "Drake" ""
"4776" "00-0020971" "K.Campbell" "Khary" "Campbell" "UNK" "UNK" "4/4/79" "Bowling Green State" ""
"4777" "00-0012871" "M.Peterson" "Mike" "Peterson" "UNK" "UNK" "6/17/76" "Florida" ""
"4778" "00-0026664" "T.Masthay" "Tim" "Masthay" "UNK" "UNK" "3/16/87" "Kentucky" ""
"4779" "00-0031492" "" "Jason" "Myers" "UNK" "UNK" "5/12/91" "Marist" ""
"4780" "00-0031493" "" "Jarryd" "Hayne" "UNK" "UNK" "2/15/88" "No College" ""
"4781" "00-0031491" "" "Brian" "Peters" "HOU" "LB" "10/31/88" "Northwestern (Ia)" ""
"4782" "00-0023448" "T.Davis" "Thomas" "Davis" "CAR" "OLB" "3/22/83" "Georgia" ""
"4783" "00-0023449" "D.Johnson" "Derrick" "Johnson" "KC" "ILB" "11/22/82" "Texas" ""
"4784" "00-0023446" "S.Merriman" "Shawne" "Merriman" "UNK" "UNK" "5/25/84" "Maryland" ""
"4785" "00-0023447" "J.Brown" "Jammal" "Brown" "UNK" "UNK" "3/30/81" "Oklahoma" ""
"4786" "00-0023444" "C.Rogers" "Carlos" "Rogers" "UNK" "UNK" "7/2/81" "Auburn" ""
"4787" "00-0023445" "D.Ware" "DeMarcus" "Ware" "DEN" "OLB" "7/31/82" "Troy" ""
"4788" "00-0032286" "" "Jarrod" "West" "UNK" "UNK" "5/14/92" "Syracuse" ""
"4789" "00-0032287" "" "Ed" "Williams" "UNK" "UNK" "3/14/91" "Fort Hays State" ""
"4790" "00-0023790" "B.Clark" "Brian" "Clark" "UNK" "UNK" "12/26/83" "North Carolina State" ""
"4791" "00-0022011" "J.Griffith" "Justin" "Griffith" "UNK" "UNK" "7/21/80" "Mississippi State" ""
"4792" "00-0027806" "M.Johnson" "Marquis" "Johnson" "UNK" "UNK" "5/18/88" "Alabama" ""
"4793" "00-0027807" "C.McCoy" "Chris" "McCoy" "UNK" "UNK" "11/25/86" "Middle Tennessee State" ""
"4794" "00-0027804" "L.Brown" "Levi" "Brown" "UNK" "UNK" "3/11/87" "Troy" ""
"4795" "00-0007681" "T.Holt" "Torry" "Holt" "UNK" "UNK" "6/5/76" "North Carolina State" ""
"4796" "00-0021604" "I.Idonije" "Israel" "Idonije" "UNK" "UNK" "11/17/80" "Manitoba (Canada)" ""
"4797" "00-0026570" "J.Gaines" "Josh" "Gaines" "UNK" "UNK" "9/27/85" "Penn State" ""
"4798" "00-0028825" "T.Pryor" "Terrelle" "Pryor" "CLE" "WR" "6/20/89" "Ohio State" ""
"4799" "00-0028794" "P.Davis" "Phillip" "Davis" "UNK" "UNK" "9/13/88" "Tulane" ""
"4800" "00-0028821" "H.Ayodele" "Harold" "Ayodele" "UNK" "UNK" "4/9/87" "Emporia State" ""
"4801" "00-0028792" "K.Cone" "Kevin" "Cone" "UNK" "UNK" "3/20/88" "Georgia Tech" ""
"4802" "00-0028823" "M.McAdoo" "Mike" "McAdoo" "DAL" "DE" "7/9/90" "North Carolina" ""
"4803" "00-0028822" "C.King" "Caleb" "King" "UNK" "UNK" "1/10/88" "Georgia" ""
"4804" "00-0029744" "" "Josh" "McNary" "IND" "ILB" "4/10/88" "Army" ""
"4805" "00-0030723" "" "James" "Franklin" "UNK" "UNK" "7/23/91" "Missouri" ""
"4806" "00-0030722" "J.Couplin" "Jerome" "Couplin" "UNK" "UNK" "8/31/91" "William & Mary" ""
"4807" "00-0030721" "" "Alex" "Bullard" "UNK" "UNK" "3/20/91" "Tennessee" ""
"4808" "00-0030720" "" "Chad" "Abram" "UNK" "UNK" "5/22/91" "Florida State" ""
"4809" "00-0030727" "J.Maxwell" "Jacob" "Maxwell" "UNK" "UNK" "1/4/91" "Louisiana-Lafayette" ""
"4810" "00-0030725" "" "Cornelius" "Lucas" "DET" "T" "7/18/91" "Kansas State" ""
"4811" "00-0030724" "J.Jackson" "Justin" "Jackson" "UNK" "UNK" "8/24/91" "Wake Forest" ""
"4812" "00-0030729" "A.Peacock" "Andrew" "Peacock" "UNK" "UNK" "1/14/91" "Appalachian State" ""
"4813" "00-0030728" "" "D.J." "Morrell" "UNK" "UNK" "8/19/91" "Old Dominion" ""
"4814" "00-0028173" "J.Wilson" "Jimmy" "Wilson" "CIN" "DB" "7/30/86" "Montana" ""
"4815" "00-0028172" "A.Gachkar" "Andrew" "Gachkar" "DAL" "OLB" "11/4/88" "Missouri" ""
"4816" "00-0028170" "B.Batch" "Baron" "Batch" "UNK" "UNK" "12/21/87" "Texas Tech" ""
"4817" "00-0028177" "M.Person" "Mike" "Person" "ATL" "OG" "6/17/88" "Montana State" ""
"4818" "00-0028176" "D.Hardy" "Daniel" "Hardy" "UNK" "UNK" "9/7/87" "Idaho" ""
"4819" "00-0028175" "G.Lloyd" "Greg" "Lloyd" "UNK" "UNK" "2/10/89" "Connecticut" ""
"4820" "00-0028174" "S.Burton" "Stephen" "Burton" "UNK" "UNK" "12/11/89" "West Texas A&M" ""
"4821" "00-0028179" "D.Ausberry" "David" "Ausberry" "UNK" "UNK" "9/25/87" "USC" ""
"4822" "00-0028178" "S.Havili" "Stanley" "Havili" "UNK" "UNK" "11/14/87" "USC" ""
"4823" "00-0022158" "D.Strickland" "Donald" "Strickland" "UNK" "UNK" "11/24/80" "Colorado" ""
"4824" "00-0021166" "J.Reed" "Josh" "Reed" "UNK" "UNK" "5/1/80" "LSU" ""
"4825" "00-0021163" "J.Gaffney" "Jabar" "Gaffney" "UNK" "UNK" "12/1/80" "Florida" ""
"4826" "00-0028451" "B.Brackett" "Brett" "Brackett" "UNK" "UNK" "12/13/87" "Penn State" ""
"4827" "00-0019700" "C.Griffin" "Cornelius" "Griffin" "UNK" "UNK" "12/3/76" "Alabama" ""
"4828" "00-0019702" "C.Clifton" "Chad" "Clifton" "UNK" "UNK" "6/26/76" "Tennessee" ""
"4829" "00-0012023" "J.Nesbit" "Jamar" "Nesbit" "UNK" "UNK" "12/17/76" "South Carolina" ""
"4830" "00-0019709" "C.Redman" "Chris" "Redman" "UNK" "UNK" "7/7/77" "Louisville" ""
"4831" "00-0028322" "De.Washington" "Demond" "Washington" "UNK" "UNK" "9/30/87" "Auburn" ""
"4832" "00-0028320" "M.Hansen" "Matt" "Hansen" "UNK" "UNK" "9/10/89" "Rhode Island" ""
"4833" "00-0028453" "P.Devlin" "Pat" "Devlin" "UNK" "UNK" "4/12/88" "Delaware" ""
"4834" "00-0028454" "J.Freeny" "Jonathan" "Freeny" "NE" "MLB" "6/15/89" "Rutgers" ""
"4835" "00-0028455" "N.Grigsby" "Nic" "Grigsby" "UNK" "UNK" "12/26/88" "Arizona" ""
"4836" "00-0021162" "R.Thomas" "Robert" "Thomas" "UNK" "UNK" "7/17/80" "UCLA" ""
"4837" "00-0021161" "K.Simmons" "Kendall" "Simmons" "UNK" "UNK" "3/11/79" "Auburn" ""
"4838" "00-0030629" "" "Jeremy" "Vujnovich" "IND" "T" "10/12/90" "Louisiana Coll." ""
"4839" "00-0030626" "P.Murray" "Patrick" "Murray" "CLE" "K" "6/22/91" "Fordham" ""
"4840" "00-0030622" "F.Williams" "Fred" "Williams" "UNK" "UNK" "4/15/88" "St. Cloud State" ""
"4841" "00-0030621" "" "Michael" "Ola" "DET" "OT" "4/19/88" "Hampton" ""
"4842" "00-0027423" "L.Miller" "Lonyae" "Miller" "UNK" "UNK" "4/29/88" "Fresno State" ""
"4843" "00-0027935" "R.Priest" "Rafael" "Priest" "UNK" "UNK" "3/11/87" "Texas Christian" ""
"4844" "00-0025510" "F.Bennett" "Fred" "Bennett" "UNK" "UNK" "12/31/83" "South Carolina" ""
"4845" "00-0025511" "M.Wrotto" "Mansfield" "Wrotto" "UNK" "UNK" "10/12/84" "Georgia Tech" ""
"4846" "00-0025516" "S.Chandler" "Scott" "Chandler" "UNK" "UNK" "7/23/85" "Iowa" ""
"4847" "00-0025517" "J.Beekman" "Josh" "Beekman" "UNK" "UNK" "6/30/83" "Boston College" ""
"4848" "00-0025514" "K.Brown" "Kareem" "Brown" "UNK" "UNK" "1/30/84" "Miami (Fla.)" ""
"4849" "00-0025519" "R.McBean" "Ryan" "McBean" "UNK" "UNK" "4/23/84" "Oklahoma State" ""
"4850" "00-0032789" "" "Devante" "Bond" "TB" "OLB" "7/3/93" "Oklahoma" ""
"4851" "00-0011754" "R.Moss" "Randy" "Moss" "UNK" "UNK" "2/13/77" "Marshall" ""
"4852" "00-0032448" "" "Stephen" "Weatherly" "MIN" "DE" "3/19/94" "Vanderbilt" ""
"4853" "00-0032449" "" "Lac" "Edwards" "NYJ" "P" "4/27/92" "Sam Houston State" ""
"4854" "00-0032918" "" "C.J." "Ham" "MIN" "RB" "7/22/93" "Augustana (S.D.)" ""
"4855" "00-0032440" "" "Kelvin" "Taylor" "SF" "RB" "9/28/93" "Florida" ""
"4856" "00-0032441" "" "Aaron" "Burbridge" "SF" "WR" "12/23/93" "Michigan State" ""
"4857" "00-0032442" "" "Elandon" "Roberts" "NE" "ILB" "4/22/94" "Houston" ""
"4858" "00-0032443" "" "Joey" "Hunt" "SEA" "C" "2/22/94" "Texas Christian" ""
"4859" "00-0032444" "" "Travis" "Feeney" "PIT" "OLB" "11/18/92" "Washington" ""
"4860" "00-0029143" "J.Bush" "Josh" "Bush" "UNK" "UNK" "3/5/89" "Wake Forest" ""
"4861" "00-0029142" "W.Guy" "Winston" "Guy" "IND" "FS" "4/23/90" "Kentucky" ""
"4862" "00-0029149" "R.Pollard" "Royce" "Pollard" "UNK" "UNK" "6/3/89" "Hawaii" ""
"4863" "00-0029148" "S.Brown" "Sammy" "Brown" "UNK" "UNK" "4/17/90" "Houston" ""
"4864" "00-0026672" "R.Humber" "Ramon" "Humber" "BUF" "LB" "8/10/87" "North Dakota State" ""
"4865" "00-0026670" "A.Grady" "Adrian" "Grady" "UNK" "UNK" "11/21/85" "Louisville" ""
"4866" "00-0026671" "B.Harrison" "Brandon" "Harrison" "UNK" "UNK" "11/6/86" "Michigan" ""
"4867" "00-0032917" "" "Carlos" "Wray" "SD" "DE" "10/3/93" "Duke" ""
"4868" "00-0032446" "" "Brandon" "Doughty" "MIA" "QB" "10/6/91" "Western Kentucky" ""
"4869" "00-0032447" "" "Devin" "Lucien" "NE" "WR" "6/26/93" "Arizona State" ""
"4870" "00-0027914" "A.Sendejo" "Andrew" "Sendejo" "MIN" "SS" "9/9/87" "Rice" ""
"4871" "00-0027915" "I.Trufant" "Isaiah" "Trufant" "UNK" "UNK" "12/9/82" "Eastern Washington" ""
"4872" "00-0027916" "A.Fantuz" "Andy" "Fantuz" "UNK" "UNK" "12/18/83" "Western Ontario (Canada)" ""
"4873" "00-0027917" "T.Clutts" "Tyler" "Clutts" "UNK" "UNK" "11/9/84" "Fresno State" ""
"4874" "00-0027911" "W.Williams" "Worrell" "Williams" "UNK" "UNK" "3/6/86" "California" ""
"4875" "00-0027912" "D.Alexander" "Danario" "Alexander" "UNK" "UNK" "8/7/88" "Missouri" ""
"4876" "00-0027918" "A.Hawkins" "Andrew" "Hawkins" "CLE" "WR" "3/10/86" "Toledo" ""
"4877" "00-0027919" "M.Restelli" "Mark" "Restelli" "UNK" "UNK" "3/4/86" "Cal Poly-Pomona" ""
"4878" "00-0031939" "" "Matt" "Jones" "WAS" "RB" "3/7/93" "Florida" ""
"4879" "00-0031931" "" "Tony" "Washington" "HOU" "OLB" "6/1/92" "Oregon" ""
"4880" "00-0031930" "" "Lynden" "Trail" "WAS" "LB" "3/19/91" "Norfolk State" ""
"4881" "00-0031933" "" "Leonard" "Williams" "NYJ" "DT" "6/20/94" "USC" ""
"4882" "00-0031932" "" "Chandler" "Worthy" "NYJ" "WR" "9/15/93" "Troy" ""
"4883" "00-0031935" "" "Preston" "Smith" "WAS" "DE" "11/17/92" "Mississippi State" ""
"4884" "00-0031934" "" "Devin" "Smith" "NYJ" "WR" "3/3/92" "Ohio State" ""
"4885" "00-0031937" "" "Quinten" "Rollins" "GB" "CB" "7/15/92" "Miami (Ohio)" ""
"4886" "00-0031936" "" "Mitch" "Morse" "KC" "C" "4/21/92" "Missouri" ""
"4887" "00-0026355" "J.Harper" "Justin" "Harper" "UNK" "UNK" "2/24/85" "Virginia Tech" ""
"4888" "00-0026354" "L.Grant" "Larry" "Grant" "UNK" "UNK" "2/16/85" "Ohio State" ""
"4889" "00-0026357" "B.Swain" "Brett" "Swain" "UNK" "UNK" "6/21/85" "San Diego State" ""
"4890" "00-0026356" "L.Cohen" "Landon" "Cohen" "UNK" "UNK" "8/3/86" "Ohio U." ""
"4891" "00-0026351" "N.Garner" "Nate" "Garner" "UNK" "UNK" "1/18/85" "Arkansas" ""
"4892" "00-0026353" "C.Washington" "Chauncey" "Washington" "UNK" "UNK" "4/29/85" "USC" ""
"4893" "00-0026352" "W.Fontenot" "Wilrey" "Fontenot" "UNK" "UNK" "10/14/84" "Arizona" ""
"4894" "00-0026359" "D.Bell" "Demetress" "Bell" "UNK" "UNK" "5/3/84" "Northwestern State-Louisiana" ""
"4895" "00-0026358" "C.Campbell" "Caleb" "Campbell" "UNK" "UNK" "6/19/86" "Army" ""
"4896" "00-0032707" "" "Andy" "Jones" "DAL" "WR" "6/28/94" "Jacksonville" ""
"4897" "00-0032705" "" "Ed" "Eagan" "UNK" "UNK" "6/19/93" "Northwestern State-Louisiana" ""
"4898" "00-0032263" "" "Jeremiah" "Poutasi" "TEN" "OT" "8/7/94" "Utah" ""
"4899" "00-0031514" "" "Quan" "Bray" "IND" "WR" "4/28/93" "Auburn" ""
"4900" "00-0031512" "" "Jermaine" "Whitehead" "GB" "FS" "3/12/93" "Auburn" ""
"4901" "00-0031511" "" "DeAndrew" "White" "SF" "WR" "10/16/91" "Alabama" ""
"4902" "00-0031510" "" "Dylan" "Thompson" "UNK" "UNK" "10/25/91" "South Carolina" ""
"4903" "00-0031519" "" "Josh" "Mitchell" "UNK" "UNK" "1/7/93" "Nebraska" ""
"4904" "00-0030131" "A.Mulumba" "Andy" "Mulumba" "KC" "LB" "1/31/90" "Eastern Michigan" ""
"4905" "00-0032704" "" "Arjen" "Colquhoun" "DAL" "DB" "10/13/92" "Michigan State" ""
"4906" "00-0032703" "" "Rodney" "Coe" "DAL" "DT" "5/18/93" "Akron" ""
"4907" "00-0032702" "" "Chris" "Brown" "DAL" "WR" "12/8/93" "Notre Dame" ""
"4908" "00-0032701" "" "Jake" "Brendel" "DAL" "C" "9/10/92" "UCLA" ""
"4909" "00-0032709" "" "Ryan" "Mack" "DAL" "OT" "5/31/93" "Memphis" ""
"4910" "00-0032708" "" "Deon" "King" "DAL" "LB" "7/2/93" "Norfolk State" ""
"4911" "00-0029175" "J.Byrne" "Jake" "Byrne" "UNK" "UNK" "1/24/90" "Wisconsin" ""
"4912" "00-0029673" "D.Posey" "DeVier" "Posey" "UNK" "UNK" "3/15/90" "Ohio State" ""
"4913" "00-0029672" "R.Reiff" "Riley" "Reiff" "DET" "T" "12/1/88" "Iowa" ""
"4914" "00-0032358" "" "Tevaun" "Smith" "IND" "WR" "1/30/93" "Iowa" ""
"4915" "00-0027003" "D.Brown" "Donald" "Brown" "UNK" "UNK" "4/11/87" "Connecticut" ""
"4916" "00-0027001" "V.Davis" "Vontae" "Davis" "IND" "CB" "5/27/88" "Illinois" ""
"4917" "00-0027006" "K.Britt" "Kenny" "Britt" "UNK" "UNK" "9/19/88" "Rutgers" ""
"4918" "00-0027007" "C.Wells" "Beanie" "Wells" "UNK" "UNK" "8/7/88" "Ohio State" ""
"4919" "00-0027004" "E.Wood" "Eric" "Wood" "BUF" "C" "3/18/86" "Louisville" ""
"4920" "00-0027005" "H.Nicks" "Hakeem" "Nicks" "UNK" "UNK" "1/14/88" "North Carolina" ""
"4921" "00-0024269" "B.Pollard" "Bernard" "Pollard" "UNK" "UNK" "12/23/84" "Purdue" ""
"4922" "00-0024268" "A.Fasano" "Anthony" "Fasano" "TEN" "TE" "4/20/84" "Notre Dame" ""
"4923" "00-0024267" "G.Jennings" "Greg" "Jennings" "UNK" "UNK" "9/21/83" "Western Michigan" ""
"4924" "00-0024266" "R.Cook" "Ryan" "Cook" "UNK" "UNK" "5/8/83" "New Mexico" ""
"4925" "00-0024265" "M.McNeill" "Marcus" "McNeill" "UNK" "UNK" "11/16/83" "Auburn" ""
"4926" "00-0024264" "K.Clemens" "Kellen" "Clemens" "SD" "QB" "6/6/83" "Oregon" ""
"4927" "00-0024263" "C.Griffin" "Cedric" "Griffin" "UNK" "UNK" "11/11/82" "Texas" ""
"4928" "00-0024262" "D.Colledge" "Daryn" "Colledge" "UNK" "UNK" "2/11/82" "Boise State" ""
"4929" "00-0024261" "J.Klopfenstein" "Joe" "Klopfenstein" "UNK" "UNK" "11/9/83" "Colorado" ""
"4930" "00-0024260" "L.White" "LenDale" "White" "UNK" "UNK" "12/20/84" "USC" ""
"4931" "00-0032350" "" "Stefan" "McClure" "IND" "DB" "1/31/93" "California" ""
"4932" "00-0021981" "S.McDonald" "Shaun" "McDonald" "UNK" "UNK" "6/30/81" "Arizona State" ""
"4933" "00-0021983" "H.Hillenmeyer" "Hunter" "Hillenmeyer" "UNK" "UNK" "10/28/80" "Vanderbilt" ""
"4934" "00-0021982" "J.Gage" "Justin" "Gage" "UNK" "UNK" "1/24/81" "Missouri" ""
"4935" "00-0021989" "T.Warren" "Ty" "Warren" "UNK" "UNK" "2/6/81" "Texas A&M" ""
"4936" "00-0021144" "J.Henderson" "John" "Henderson" "UNK" "UNK" "1/9/79" "Tennessee" ""
"4937" "00-0021147" "D.Stallworth" "Donte'" "Stallworth" "UNK" "UNK" "11/10/80" "Tennessee" ""
"4938" "00-0021146" "D.Freeney" "Dwight" "Freeney" "ATL" "DE" "2/19/80" "Syracuse" ""
"4939" "00-0021141" "J.Harrington" "Joey" "Harrington" "UNK" "UNK" "10/21/78" "Oregon" ""
"4940" "00-0021140" "J.Peppers" "Julius" "Peppers" "GB" "OLB" "1/18/80" "North Carolina" ""
"4941" "00-0021143" "R.Williams" "Roy" "Williams" "UNK" "UNK" "8/14/80" "Oklahoma" ""
"4942" "00-0021142" "M.Williams" "Mike" "Williams" "UNK" "UNK" "1/11/80" "Texas" ""
"4943" "00-0030644" "A.Davis" "Akeem" "Davis" "UNK" "UNK" "12/25/89" "Memphis" ""
"4944" "00-0029792" "P.Worrilow" "Paul" "Worrilow" "ATL" "MLB" "5/1/90" "Delaware" ""
"4945" "00-0029793" "B.Williams" "Brandon" "Williams" "SEA" "TE" "10/12/87" "Oregon" ""
"4946" "00-0029794" "D.Bates" "Daren" "Bates" "OAK" "LB" "11/27/90" "Auburn" ""
"4947" "00-0032354" "" "Adam" "Redmond" "IND" "OG" "5/19/93" "Harvard" ""
"4948" "00-0023519" "E.Hobbs" "Ellis" "Hobbs" "UNK" "UNK" "5/16/83" "Iowa State" ""
"4949" "00-0022984" "R.Grant" "Ryan" "Grant" "UNK" "UNK" "12/9/82" "Notre Dame" ""
"4950" "00-0029729" "A.Johnson" "Austin" "Johnson" "NO" "FB" "6/16/89" "Tennessee" ""
"4951" "00-0023583" "D.Loper" "Daniel" "Loper" "UNK" "UNK" "1/15/82" "Texas Tech" ""
"4952" "00-0023582" "A.Seward" "Adam" "Seward" "UNK" "UNK" "6/15/82" "Nevada-Las Vegas" ""
"4953" "00-0023853" "M.Prater" "Matt" "Prater" "DET" "K" "8/10/84" "Central Florida" ""
"4954" "00-0021083" "T.Fisher" "Travis" "Fisher" "UNK" "UNK" "9/12/79" "Central Florida" ""
"4955" "00-0023587" "R.McCune" "Robert" "McCune" "UNK" "UNK" "3/9/79" "Louisville" ""
"4956" "00-0023859" "B.Basanez" "Brett" "Basanez" "UNK" "UNK" "5/11/83" "Northwestern" ""
"4957" "00-0023589" "E.King" "Eric" "King" "UNK" "UNK" "5/10/82" "Wake Forest" ""
"4958" "00-0028368" "S.Paysinger" "Spencer" "Paysinger" "MIA" "LB" "6/28/88" "Oregon" ""
"4959" "00-0028364" "M.Allen" "Matt" "Allen" "UNK" "UNK" "6/9/88" "Texas A&M" ""
"4960" "00-0028365" "N.Howey" "Neal" "Howey" "UNK" "UNK" "11/4/87" "Eastern Michigan" ""
"4961" "00-0028362" "M.Preston" "Michael" "Preston" "UNK" "UNK" "6/1/89" "Heidelberg" ""
"4962" "00-0028360" "M.Parker" "Martin" "Parker" "UNK" "UNK" "2/27/88" "Richmond" ""
"4963" "00-0028361" "J.Harfman" "Jacob" "Harfman" "UNK" "UNK" "7/26/89" "USC" ""
"4964" "00-0031722" "" "Michael" "Liedtke" "NYJ" "OG" "1/15/92" "Illinois State" ""
"4965" "00-0031723" "" "Jeff" "Luc" "UNK" "UNK" "2/14/92" "Cincinnati" ""
"4966" "00-0031728" "" "Zach" "Vigil" "UNK" "UNK" "3/28/91" "Utah State" ""
"4967" "00-0031729" "" "Thurston" "Armbrister" "UNK" "UNK" "12/25/92" "Miami (Fla.)" ""
"4968" "00-0028588" "D.Borel" "Diondre" "Borel" "UNK" "UNK" "12/12/88" "Utah State" ""
"4969" "00-0023903" "L.Laury" "Lance" "Laury" "UNK" "UNK" "1/17/82" "South Carolina" ""
"4970" "00-0023902" "K.Hobbs" "Kevin" "Hobbs" "UNK" "UNK" "4/30/83" "Auburn" ""
"4971" "00-0026336" "T.Santi" "Tom" "Santi" "UNK" "UNK" "11/22/85" "Virginia" ""
"4972" "00-0026335" "D.Thomas" "Donald" "Thomas" "UNK" "UNK" "9/25/85" "Connecticut" ""
"4973" "00-0026334" "R.Mundy" "Ryan" "Mundy" "UNK" "UNK" "2/11/85" "West Virginia" ""
"4974" "00-0026339" "R.Henderson" "Robert" "Henderson" "UNK" "UNK" "11/9/83" "Southern Mississippi" ""
"4975" "00-0026338" "A.Woodson" "Andre" "Woodson" "UNK" "UNK" "4/25/84" "Kentucky" ""
"4976" "00-0031226" "J.Watson" "Jansen" "Watson" "UNK" "UNK" "9/14/90" "Iowa State" ""
"4977" "00-0028581" "P.DiMarco" "Patrick" "DiMarco" "ATL" "FB" "4/30/89" "South Carolina" ""
"4978" "00-0026988" "K.Moreno" "Knowshon" "Moreno" "UNK" "UNK" "7/16/87" "Georgia" ""
"4979" "00-0026634" "T.McCall" "Travis" "McCall" "UNK" "UNK" "4/6/85" "Alabama" ""
"4980" "00-0026635" "A.Palmer" "Ashlee" "Palmer" "UNK" "UNK" "4/7/86" "Mississippi" ""
"4981" "00-0026984" "E.Monroe" "Eugene" "Monroe" "UNK" "UNK" "4/18/87" "Virginia" ""
"4982" "00-0026985" "B.Raji" "B.J." "Raji" "UNK" "UNK" "7/11/86" "Boston College" ""
"4983" "00-0026986" "M.Crabtree" "Michael" "Crabtree" "OAK" "WR" "9/14/87" "Texas Tech" ""
"4984" "00-0026631" "N.Hennessey" "Nick" "Hennessey" "UNK" "UNK" "7/2/86" "Colgate" ""
"4985" "00-0029368" "T.Coston" "Trevor" "Coston" "UNK" "UNK" "10/12/89" "Maine" ""
"4986" "00-0024850" "D.Walker" "Darius" "Walker" "UNK" "UNK" "10/21/85" "Notre Dame" ""
"4987" "00-0029364" "J.Martinek" "Joe" "Martinek" "UNK" "UNK" "2/10/88" "Rutgers" ""
"4988" "00-0029367" "J.Talley" "Julian" "Talley" "UNK" "UNK" "6/9/89" "Massachusetts" ""
"4989" "00-0029366" "A.Ojomo" "Adewale" "Ojomo" "UNK" "UNK" "11/11/88" "Miami (Fla.)" ""
"4990" "00-0029361" "D.Douglas" "David" "Douglas" "UNK" "UNK" "6/27/89" "Arizona" ""
"4991" "00-0029360" "M.Broha" "Matt" "Broha" "UNK" "UNK" "6/6/89" "Louisiana Tech" ""
"4992" "00-0029363" "J.Jackson" "Janzen" "Jackson" "UNK" "UNK" "12/14/90" "McNeese State" ""
"4993" "00-0029362" "S.Goodin" "Stephen" "Goodin" "UNK" "UNK" "8/25/88" "Nebraska-Kearney" ""
"4994" "00-0025728" "S.Paulescu" "Sam" "Paulescu" "UNK" "UNK" "4/18/84" "Oregon State" ""
"4995" "00-0025721" "M.Paschal" "Marcus" "Paschal" "UNK" "UNK" "8/31/84" "Iowa" ""
"4996" "00-0025720" "M.Murrell" "Marques" "Murrell" "UNK" "UNK" "3/20/85" "Appalachian State" ""
"4997" "00-0025725" "T.Johnson" "Travonti" "Johnson" "UNK" "UNK" "5/9/84" "Central Florida" ""
"4998" "00-0026180" "T.Porter" "Tracy" "Porter" "CHI" "CB" "8/11/86" "Indiana" ""
"4999" "00-0026181" "J.Hardy" "James" "Hardy" "UNK" "UNK" "12/24/85" "Indiana" ""
"5000" "00-0026182" "E.Royal" "Eddie" "Royal" "CHI" "WR" "5/21/86" "Virginia Tech" ""
"5001" "00-0026183" "T.Johnson" "Tyrell" "Johnson" "UNK" "UNK" "5/19/85" "Arkansas State" ""
"5002" "00-0026184" "M.Forte" "Matt" "Forte" "NYJ" "RB" "12/10/85" "Tulane" ""
"5003" "00-0026185" "J.Dizon" "Jordon" "Dizon" "UNK" "UNK" "1/16/86" "Colorado" ""
"5004" "00-0026186" "J.Simpson" "Jerome" "Simpson" "UNK" "UNK" "2/4/86" "Coastal Carolina" ""
"5005" "00-0030645" "" "Cam" "White" "UNK" "UNK" "7/15/90" "Hillsdale" ""
"5006" "00-0024249" "D.Jackson" "D'Qwell" "Jackson" "IND" "ILB" "9/26/83" "Maryland" ""
"5007" "00-0024248" "D.Ryans" "DeMeco" "Ryans" "UNK" "UNK" "7/28/84" "Alabama" ""
"5008" "00-0014619" "J.Seau" "Junior" "Seau" "UNK" "UNK" "1/19/69" "USC" ""
"5009" "00-0021960" "J.Wilkerson" "Jimmy" "Wilkerson" "UNK" "UNK" "1/4/81" "Oklahoma" ""
"5010" "00-0024302" "D.Pittman" "David" "Pittman" "UNK" "UNK" "10/14/83" "Northwestern State-Louisiana" ""
"5011" "00-0024303" "Ja.Anderson" "James" "Anderson" "UNK" "UNK" "9/26/83" "Virginia Tech" ""
"5012" "00-0024304" "R.Butler" "Rashad" "Butler" "UNK" "UNK" "2/10/83" "Miami (Fla.)" ""
"5013" "00-0024306" "F.Rucker" "Frostee" "Rucker" "ARI" "DE" "9/14/83" "USC" ""
"5014" "00-0024307" "J.Hatcher" "Jason" "Hatcher" "UNK" "UNK" "7/13/82" "Grambling State" ""
"5015" "00-0024309" "F.Keiaho" "Freddy" "Keiaho" "UNK" "UNK" "12/18/82" "San Diego State" ""
"5016" "00-0026187" "T.Laws" "Trevor" "Laws" "UNK" "UNK" "6/14/85" "Notre Dame" ""
"5017" "00-0026188" "F.Davis" "Fred" "Davis" "UNK" "UNK" "1/15/86" "USC" ""
"5018" "00-0026189" "D.Jackson" "DeSean" "Jackson" "WAS" "WR" "12/1/86" "California" ""
"5019" "00-0029183" "D.Noble" "Danny" "Noble" "UNK" "UNK" "3/30/89" "Toledo" ""
"5020" "00-0029182" "J.Nix" "Jordan" "Nix" "UNK" "UNK" "10/17/88" "North Carolina" ""
"5021" "00-0029986" "D.Cherrington" "Dewayne" "Cherrington" "UNK" "UNK" "8/3/90" "Mississippi State" ""
"5022" "00-0027589" "S.McNeal" "Shawnbrey" "McNeal" "UNK" "UNK" "10/17/88" "Southern Methodist" ""
"5023" "00-0000846" "E.Barton" "Eric" "Barton" "UNK" "UNK" "9/29/77" "Maryland" ""
"5024" "00-0027585" "R.Goodman" "Richard" "Goodman" "UNK" "UNK" "4/23/87" "Florida State" ""
"5025" "00-0027584" "D.Farr" "DajLeon" "Farr" "UNK" "UNK" "10/5/86" "Memphis" ""
"5026" "00-0027583" "R.Brockel" "Richie" "Brockel" "UNK" "UNK" "7/24/86" "Boise State" ""
"5027" "00-0027581" "S.Ajirotutu" "Seyi" "Ajirotutu" "UNK" "UNK" "6/12/87" "Fresno State" ""
"5028" "00-0027580" "D.Walker" "Daylan" "Walker" "UNK" "UNK" "9/22/86" "Arkansas State" ""
"5029" "00-0024796" "C.Dahl" "Craig" "Dahl" "UNK" "UNK" "6/17/85" "North Dakota State" ""
"5030" "00-0023075" "K.Griffin" "Kris" "Griffin" "UNK" "UNK" "5/27/81" "Indiana (PA)" ""
"5031" "00-0023074" "S.Gado" "Samkon" "Gado" "UNK" "UNK" "11/13/82" "Liberty" ""
"5032" "00-0027763" "C.Butler" "Crezdon" "Butler" "UNK" "UNK" "5/26/87" "Clemson" ""
"5033" "00-0027762" "R.Jones" "Reshad" "Jones" "MIA" "SS" "2/25/88" "Georgia" ""
"5034" "00-0027761" "B.Eldridge" "Brody" "Eldridge" "UNK" "UNK" "3/31/87" "Oklahoma" ""
"5035" "00-0027760" "C.DeGeare" "Chris" "DeGeare" "UNK" "UNK" "2/17/87" "Wake Forest" ""
"5036" "00-0027767" "J.Crompton" "Jonathan" "Crompton" "UNK" "UNK" "7/25/87" "Tennessee" ""
"5037" "00-0026652" "M.Kroul" "Matt" "Kroul" "UNK" "UNK" "2/25/86" "Iowa" ""
"5038" "00-0029303" "B.Winn" "Billy" "Winn" "DEN" "DT" "4/15/89" "Boise State" ""
"5039" "00-0029302" "M.McCants" "Matt" "McCants" "OAK" "T" "8/18/89" "Alabama-Birmingham" ""
"5040" "00-0029300" "T.Streeter" "Tommy" "Streeter" "UNK" "UNK" "10/7/89" "Miami (Fla.)" ""
"5041" "00-0027766" "N.Triplett" "Nate" "Triplett" "UNK" "UNK" "3/15/87" "Minnesota" ""
"5042" "00-0027765" "S.Sylvester" "Stevenson" "Sylvester" "UNK" "UNK" "7/18/88" "Utah" ""
"5043" "00-0027764" "K.Meier" "Kerry" "Meier" "UNK" "UNK" "11/12/86" "Kansas" ""
"5044" "00-0027769" "F.Onobun" "Fendi" "Onobun" "UNK" "UNK" "11/17/86" "Houston" ""
"5045" "00-0027768" "M.Newhouse" "Marshall" "Newhouse" "NYG" "OT" "9/29/88" "Texas Christian" ""
"5046" "00-0031122" "" "Andrew" "Norwell" "CAR" "G" "10/25/91" "Ohio State" ""
"5047" "00-0031123" "D.Reaves" "Darrin" "Reaves" "KC" "RB" "4/17/93" "Alabama-Birmingham" ""
"5048" "00-0031120" "A.Glanton" "Adarius" "Glanton" "TB" "OLB" "9/21/90" "Florida Atlantic" ""
"5049" "00-0031121" "M.Lucas" "Marcus" "Lucas" "CAR" "TE" "3/1/92" "Missouri" ""
"5050" "00-0031126" "J.Lynch" "Jordan" "Lynch" "UNK" "UNK" "10/3/90" "Northern Illinois" ""
"5051" "00-0031127" "B.Dunn" "Brandon" "Dunn" "HOU" "DT" "9/5/92" "Louisville" ""
"5052" "00-0031125" "" "Jared" "Wheeler" "UNK" "UNK" "10/3/90" "Miami (Fla.)" ""
"5053" "00-0031128" "" "Ryan" "Groy" "BUF" "G" "9/30/90" "Wisconsin" ""
"5054" "00-0032112" "" "J.J." "Nelson" "ARI" "WR" "4/24/92" "Alabama-Birmingham" ""
"5055" "00-0032113" "" "Kenny" "Bell" "TB" "WR" "2/25/92" "Nebraska" ""
"5056" "00-0032110" "" "Kyle" "Emanuel" "SD" "OLB" "8/16/91" "North Dakota State" ""
"5057" "00-0032117" "" "Nick" "O'Leary" "BUF" "TE" "8/31/92" "Florida State" ""
"5058" "00-0027200" "G.Lindholm" "Garrett" "Lindholm" "UNK" "UNK" "8/10/88" "Tarleton State" ""
"5059" "00-0023462" "R.White" "Roddy" "White" "UNK" "UNK" "11/2/81" "Alabama-Birmingham" ""
"5060" "00-0023463" "L.Castillo" "Luis" "Castillo" "UNK" "UNK" "8/4/83" "Northwestern" ""
"5061" "00-0023464" "M.Jackson" "Marlin" "Jackson" "UNK" "UNK" "6/30/83" "Michigan" ""
"5062" "00-0023465" "H.Miller" "Heath" "Miller" "UNK" "UNK" "10/22/82" "Virginia" ""
"5063" "00-0023466" "M.Patterson" "Mike" "Patterson" "UNK" "UNK" "9/1/83" "USC" ""
"5064" "00-0023467" "L.Mankins" "Logan" "Mankins" "UNK" "UNK" "3/10/82" "Fresno State" ""
"5065" "00-0023468" "D.Baas" "David" "Baas" "UNK" "UNK" "9/28/81" "Michigan" ""
"5066" "00-0023469" "B.Pool" "Brodney" "Pool" "UNK" "UNK" "5/24/84" "Oklahoma" ""
"5067" "00-0027750" "C.Scott" "Chris" "Scott" "CAR" "G" "8/4/87" "Tennessee" ""
"5068" "00-0027756" "A.Jones" "Arthur" "Jones" "IND" "DE" "6/3/86" "Syracuse" ""
"5069" "00-0027757" "M.Tennant" "Matt" "Tennant" "UNK" "UNK" "3/19/87" "Boston College" ""
"5070" "00-0027754" "J.Skelton" "John" "Skelton" "UNK" "UNK" "3/17/88" "Fordham" ""
"5071" "00-0001820" "K.Brooking" "Keith" "Brooking" "UNK" "UNK" "10/30/75" "Georgia Tech" ""
"5072" "00-0027755" "D.Reed" "David" "Reed" "UNK" "UNK" "3/22/87" "Utah" ""
"5073" "00-0030293" "" "Linden" "Gaydosh" "UNK" "UNK" "1/4/91" "Calgary" ""
"5074" "00-0030292" "B.Sorensen" "Brad" "Sorensen" "MIN" "QB" "3/13/88" "Southern Utah" ""
"5075" "00-0030291" "D.Jefferson" "D.C." "Jefferson" "UNK" "UNK" "5/7/89" "Rutgers" ""
"5076" "00-0030290" "C.Hamilton" "Cobi" "Hamilton" "PIT" "WR" "11/13/90" "Arkansas" ""
"5077" "00-0030296" "P.Scott" "Padric" "Scott" "UNK" "UNK" "1/8/90" "Florida A&M" ""
"5078" "00-0023442" "T.Williamson" "Troy" "Williamson" "UNK" "UNK" "4/30/83" "South Carolina" ""
"5079" "00-0023443" "A.Rolle" "Antrel" "Rolle" "UNK" "UNK" "12/16/82" "Miami (Fla.)" ""
"5080" "00-0023440" "C.Williams" "Cadillac" "Williams" "UNK" "UNK" "4/21/82" "Auburn" ""
"5081" "00-0023441" "A.Jones" "Adam" "Jones" "CIN" "CB" "9/30/83" "West Virginia" ""
"5082" "00-0032284" "B.Bars" "Brad" "Bars" "NYG" "DE" "4/24/92" "Penn State" ""
"5083" "00-0021512" "Q.Mikell" "Quintin" "Mikell" "UNK" "UNK" "9/16/80" "Boise State" ""
"5084" "00-0028829" "R.Adams" "Royce" "Adams" "UNK" "UNK" "5/3/88" "Purdue" ""
"5085" "00-0028798" "R.Medlin" "Richard" "Medlin" "UNK" "UNK" "3/4/87" "Fayetteville State" ""
"5086" "00-0028824" "T.Wilson" "Tracy" "Wilson" "UNK" "UNK" "2/27/89" "Northern Illinois" ""
"5087" "00-0028795" "C.Reynolds" "Chase" "Reynolds" "UNK" "UNK" "10/22/87" "Montana" ""
"5088" "00-0030295" "" "Daniel" "Giordano" "UNK" "UNK" "9/17/89" "Cincinnati" ""
"5089" "00-0030294" "T.Jefferson" "Tony" "Jefferson" "ARI" "SS" "1/27/92" "Oklahoma" ""
"5090" "00-0030299" "D.Buckner" "Dan" "Buckner" "UNK" "UNK" "5/31/90" "Arizona" ""
"5091" "00-0030298" "" "Jamaal" "Johnson-Webb" "UNK" "UNK" "3/6/90" "Alabama A&M" ""
"5092" "00-0017915" "R.Williams" "Ricky" "Williams" "UNK" "UNK" "5/21/77" "Texas" ""
"5093" "00-0022849" "J.Thomas" "Joey" "Thomas" "UNK" "UNK" "8/29/80" "Montana State" ""
"5094" "00-0029238" "J.Childers" "Jamie" "Childers" "UNK" "UNK" "6/26/88" "Coastal Carolina" ""
"5095" "00-0022841" "J.Grove" "Jake" "Grove" "UNK" "UNK" "1/22/80" "Virginia Tech" ""
"5096" "00-0022840" "J.Jones" "Julius" "Jones" "UNK" "UNK" "8/14/81" "Notre Dame" ""
"5097" "00-0022843" "S.Spencer" "Shawntae" "Spencer" "UNK" "UNK" "2/22/82" "Pittsburgh" ""
"5098" "00-0022842" "Mad.Williams" "Madieu" "Williams" "UNK" "UNK" "10/18/81" "Maryland" ""
"5099" "00-0022844" "S.Jones" "Sean" "Jones" "UNK" "UNK" "3/2/82" "Georgia" ""
"5100" "00-0022847" "B.Hartsock" "Ben" "Hartsock" "UNK" "UNK" "7/5/80" "Ohio State" ""
"5101" "00-0022846" "S.Schweigert" "Stuart" "Schweigert" "UNK" "UNK" "6/21/81" "Purdue" ""
"5102" "00-0028807" "D.Burks" "Darnell" "Burks" "UNK" "UNK" "7/15/89" "Fort Valley State" ""
"5103" "00-0026856" "J.Cook" "Jason" "Cook" "UNK" "UNK" "1/28/86" "Mississippi" ""
"5104" "00-0025418" "G.Olsen" "Greg" "Olsen" "CAR" "TE" "3/11/85" "Miami (Fla.)" ""
"5105" "00-0030744" "" "Donte" "Rumph" "UNK" "UNK" "1/15/90" "Kentucky" ""
"5106" "00-0030747" "T.Thompson" "Tramaine" "Thompson" "UNK" "UNK" "4/10/90" "Kansas State" ""
"5107" "00-0030746" "J.Smith" "Jerome" "Smith" "UNK" "UNK" "4/6/91" "Syracuse" ""
"5108" "00-0030741" "" "Roosevelt" "Nix-Jones" "PIT" "FB" "3/30/92" "Kent State" ""
"5109" "00-0030740" "K.McFadden" "Kimario" "McFadden" "TB" "DB" "4/13/91" "South Carolina State" ""
"5110" "00-0030743" "B.Reedy" "Bernard" "Reedy" "TB" "WR" "12/31/91" "Toledo" ""
"5111" "00-0030742" "" "Jacob" "Pedersen" "UNK" "UNK" "4/27/91" "Wisconsin" ""
"5112" "00-0027931" "R.Perrilloux" "Ryan" "Perrilloux" "UNK" "UNK" "1/1/87" "Jacksonville State" ""
"5113" "00-0027427" "M.Tepper" "Mike" "Tepper" "UNK" "UNK" "12/11/85" "California" ""
"5114" "00-0027932" "C.Carter" "Chris" "Carter" "UNK" "UNK" "6/14/87" "California-Davis" ""
"5115" "00-0027930" "T.Duhart" "Tommie" "Duhart" "UNK" "UNK" "12/30/85" "Valdosta State" ""
"5116" "00-0029733" "R.Williams" "Roderick" "Williams" "UNK" "UNK" "5/27/86" "Alcorn State" ""
"5117" "00-0027936" "W.Lyons" "Wes" "Lyons" "UNK" "UNK" "9/12/87" "West Virginia" ""
"5118" "00-0025512" "J.Bushrod" "Jermon" "Bushrod" "MIA" "T" "8/19/84" "Towson" ""
"5119" "00-0025513" "D.Goldson" "Dashon" "Goldson" "ATL" "DB" "9/18/84" "Washington" ""
"5120" "00-0030983" "" "Abasi" "Salimu" "UNK" "UNK" "4/14/90" "Nicholls State" ""
"5121" "00-0030748" "" "Brian" "Wozniak" "UNK" "UNK" "8/9/90" "Wisconsin" ""
"5122" "00-0026769" "K.Sheets" "Kory" "Sheets" "UNK" "UNK" "3/31/85" "Purdue" ""
"5123" "00-0020426" "C.Hampton" "Casey" "Hampton" "UNK" "UNK" "9/3/77" "Texas" ""
"5124" "00-0028115" "E.Royster" "Evan" "Royster" "UNK" "UNK" "11/26/87" "Penn State" ""
"5125" "00-0028114" "D.Harris" "Dwayne" "Harris" "NYG" "WR" "9/16/87" "East Carolina" ""
"5126" "00-0028117" "" "Caleb" "Schlauderaff" "UNK" "UNK" "11/7/87" "Utah" ""
"5127" "00-0028116" "A.Robinson" "Aldrick" "Robinson" "ATL" "WR" "9/24/88" "Southern Methodist" ""
"5128" "00-0028111" "B.Maxwell" "Byron" "Maxwell" "MIA" "DB" "2/23/88" "Clemson" ""
"5129" "00-0028110" "B.Fusco" "Brandon" "Fusco" "MIN" "G" "7/26/88" "Slippery Rock" ""
"5130" "00-0028113" "B.Stingily" "Byron" "Stingily" "NYG" "OT" "9/9/88" "Louisville" ""
"5131" "00-0028112" "C.Clay" "Charles" "Clay" "BUF" "TE" "2/13/89" "Tulsa" ""
"5132" "00-0028119" "R.Gordon" "Richard" "Gordon" "UNK" "UNK" "6/7/87" "Miami (Fla.)" ""
"5133" "00-0028118" "T.Taylor" "Tyrod" "Taylor" "BUF" "QB" "8/3/89" "Virginia Tech" ""
"5134" "00-0030600" "X.Proctor" "Xavier" "Proctor" "UNK" "UNK" "11/1/90" "North Carolina Central" ""
"5135" "00-0030601" "S.Vallone" "Scott" "Vallone" "UNK" "UNK" "5/26/90" "Rutgers" ""
"5136" "00-0030057" "D.Woodard" "Darren" "Woodard" "UNK" "UNK" "9/21/89" "Texas-El Paso" ""
"5137" "00-0030606" "" "Marvin" "Booker" "UNK" "UNK" "3/16/90" "Rutgers" ""
"5138" "00-0030607" "S.Moody" "Semaj" "Moody" "UNK" "UNK" "7/1/88" "South Carolina State" ""
"5139" "00-0030608" "J.Wilson" "Justin" "Wilson" "UNK" "UNK" "1/24/90" "Delaware State" ""
"5140" "00-0030056" "R.Washington" "R.J." "Washington" "UNK" "UNK" "3/14/89" "Oklahoma" ""
"5141" "00-0019681" "B.St. Louis" "Brad St." "Louis" "UNK" "UNK" "8/19/76" "Missouri State" ""
"5142" "00-0028240" "K.Wiggins" "Kenny" "Wiggins" "SD" "OG" "8/8/88" "Fresno State" ""
"5143" "00-0019538" "C.Haggans" "Clark" "Haggans" "UNK" "UNK" "1/10/77" "Colorado State" ""
"5144" "00-0019537" "T.Carter" "Tyrone" "Carter" "UNK" "UNK" "3/31/76" "Minnesota" ""
"5145" "00-0025534" "T.Brown" "Tarell" "Brown" "UNK" "UNK" "1/6/85" "Texas" ""
"5146" "00-0025536" "U.Nwaneri" "Uche" "Nwaneri" "UNK" "UNK" "3/20/84" "Purdue" ""
"5147" "00-0003239" "R.Coleman" "Rod" "Coleman" "UNK" "UNK" "8/16/76" "East Carolina" ""
"5148" "00-0020608" "D.Carr" "David" "Carr" "UNK" "UNK" "7/21/79" "Fresno State" ""
"5149" "00-0027008" "E.Hood" "Ziggy" "Hood" "WAS" "DE" "2/16/87" "Missouri" ""
"5150" "00-0027009" "L.Delmas" "Louis" "Delmas" "UNK" "UNK" "4/12/87" "Western Michigan" ""
"5151" "00-0027002" "C.Matthews" "Clay" "Matthews" "GB" "ILB" "5/14/86" "USC" ""
"5152" "00-0027000" "P.Jerry" "Peria" "Jerry" "UNK" "UNK" "8/23/84" "Mississippi" ""
"5153" "00-0025531" "B.Harrison" "Brandon" "Harrison" "UNK" "UNK" "4/29/84" "Stanford" ""
"5154" "00-0025532" "D.Jones" "David" "Jones" "UNK" "UNK" "9/19/85" "Wingate" ""
"5155" "00-0025533" "A.Allison" "Aundrae" "Allison" "UNK" "UNK" "6/25/84" "East Carolina" ""
"5156" "00-0025538" "J.Rowe" "Jeff" "Rowe" "UNK" "UNK" "3/21/84" "Nevada" ""
"5157" "00-0025539" "A.Johnson" "Antonio" "Johnson" "UNK" "UNK" "12/8/84" "Mississippi State" ""
"5158" "00-0029648" "" "Matt" "Johnson" "UNK" "UNK" "7/22/89" "Eastern Washington" ""
"5159" "00-0029649" "K.Knox" "Kyle" "Knox" "UNK" "UNK" "3/10/89" "Fresno State" ""
"5160" "00-0029642" "J.White" "Jordan" "White" "UNK" "UNK" "6/4/88" "Western Michigan" ""
"5161" "00-0029643" "W.Mercilus" "Whitney" "Mercilus" "HOU" "OLB" "7/21/90" "Illinois" ""
"5162" "00-0029640" "B.Quick" "Brian" "Quick" "UNK" "UNK" "6/5/89" "Appalachian State" ""
"5163" "00-0029641" "T.Crawford" "Tyrone" "Crawford" "DAL" "DT" "11/22/89" "Boise State" ""
"5164" "00-0029646" "J.Bequette" "Jake" "Bequette" "UNK" "UNK" "2/21/89" "Arkansas" ""
"5165" "00-0029647" "K.Wilber" "Kyle" "Wilber" "DAL" "OLB" "4/26/89" "Wake Forest" ""
"5166" "00-0029644" "K.Browner" "Keith" "Browner" "UNK" "UNK" "4/7/88" "California" ""
"5167" "00-0029645" "R.Rau" "Ryan" "Rau" "UNK" "UNK" "7/30/90" "Portland State" ""
"5168" "00-0029047" "K.Adams" "Kendrick" "Adams" "UNK" "UNK" "11/3/88" "LSU" ""
"5169" "00-0032938" "" "Darius" "Latham" "OAK" "DT" "11/9/94" "Indiana" ""
"5170" "00-0032939" "" "Vonn" "Bell" "NO" "FS" "12/12/94" "Ohio State" ""
"5171" "00-0027978" "B.Carter" "Bruce" "Carter" "NYJ" "LB" "2/19/88" "North Carolina" ""
"5172" "00-0027979" "J.Jenkins" "Jarvis" "Jenkins" "NYJ" "DT" "4/24/88" "Clemson" ""
"5173" "00-0027976" "R.Williams" "Ryan" "Williams" "UNK" "UNK" "4/9/90" "Virginia Tech" ""
"5174" "00-0029592" "K.Zeitler" "Kevin" "Zeitler" "CIN" "G" "3/8/90" "Wisconsin" ""
"5175" "00-0031568" "" "Bryce" "Petty" "NYJ" "QB" "5/31/91" "Baylor" ""
"5176" "00-0027974" "C.Kaepernick" "Colin" "Kaepernick" "SF" "QB" "11/3/87" "Nevada" ""
"5177" "00-0027975" "J.Sheard" "Jabaal" "Sheard" "NE" "DE" "5/10/89" "Pittsburgh" ""
"5178" "00-0027972" "A.Williams" "Aaron" "Williams" "BUF" "SS" "4/23/90" "Texas" ""
"5179" "00-0032931" "" "Kenneth" "Durden" "OAK" "DB" "5/16/92" "Youngstown State" ""
"5180" "00-0032932" "" "Ryan" "O'Malley" "OAK" "TE" "7/24/93" "Pennsylvania" ""
"5181" "00-0027971" "R.Dowling" "Ras-I" "Dowling" "UNK" "UNK" "5/9/88" "Virginia" ""
"5182" "00-0031913" "" "Levi" "Norwood" "UNK" "UNK" "6/16/92" "Baylor" ""
"5183" "00-0031912" "" "Cameron" "Meredith" "CHI" "WR" "9/21/92" "Illinois State" ""
"5184" "00-0031911" "" "Rick" "Lovato" "GB" "LS" "9/9/92" "Old Dominion" ""
"5185" "00-0031910" "" "Cameron" "Jefferson" "UNK" "UNK" "5/2/92" "Arkansas" ""
"5186" "00-0031917" "" "De'Ante" "Saunders" "UNK" "UNK" "9/19/92" "Tennessee State" ""
"5187" "00-0028589" "B.Sullivan" "Brandon" "Sullivan" "UNK" "UNK" "12/23/87" "San Diego State" ""
"5188" "00-0028582" "D.Gamble" "Darryl" "Gamble" "UNK" "UNK" "11/17/87" "Georgia" ""
"5189" "00-0028580" "D.Smith" "Derrell" "Smith" "UNK" "UNK" "6/23/88" "Syracuse" ""
"5190" "00-0028584" "V.Hazelton" "Vidal" "Hazelton" "UNK" "UNK" "1/29/88" "Cincinnati" ""
"5191" "00-0028585" "I.Odim" "Isaac" "Odim" "UNK" "UNK" "11/7/86" "Minnesota-Duluth" ""
"5192" "00-0026989" "B.Orakpo" "Brian" "Orakpo" "TEN" "OLB" "7/31/86" "Texas" ""
"5193" "00-0026638" "R.Bruggeman" "Rob" "Bruggeman" "UNK" "UNK" "3/21/86" "Iowa" ""
"5194" "00-0026639" "C.Byrd" "C.J." "Byrd" "UNK" "UNK" "11/17/86" "Georgia" ""
"5195" "00-0026636" "L.Sargeant" "Lydell" "Sargeant" "UNK" "UNK" "1/31/87" "Penn State" ""
"5196" "00-0026981" "A.Curry" "Aaron" "Curry" "UNK" "UNK" "4/6/86" "Wake Forest" ""
"5197" "00-0031915" "" "John" "Timu" "CHI" "ILB" "8/27/92" "Washington" ""
"5198" "00-0031914" "" "Olsen" "Pierre" "ARI" "OT" "8/27/91" "Miami (Fla.)" ""
"5199" "00-0031919" "" "Kurtis" "Drummond" "HOU" "FS" "1/29/92" "Michigan State" ""
"5200" "00-0027366" "M.Mayberry" "Matt" "Mayberry" "UNK" "UNK" "8/6/87" "Indiana" ""
"5201" "00-0028065" "R.Carmichael" "Roc" "Carmichael" "UNK" "UNK" "9/9/88" "Virginia Tech" ""
"5202" "00-0027365" "G.Mathews" "Greg" "Mathews" "UNK" "UNK" "1/28/88" "Michigan" ""
"5203" "00-0028064" "B.Powell" "Bilal" "Powell" "NYJ" "RB" "10/27/88" "Louisville" ""
"5204" "00-0027364" "L.Horn" "Levi" "Horn" "UNK" "UNK" "10/2/86" "Montana" ""
"5205" "00-0028067" "J.Thomas" "Julius" "Thomas" "UNK" "UNK" "6/27/88" "Portland State" ""
"5206" "00-0028066" "C.Allen" "Cortez" "Allen" "PIT" "DB" "10/29/88" "The Citadel" ""
"5207" "00-0027814" "J.Chaney" "Jamar" "Chaney" "UNK" "UNK" "10/11/86" "Mississippi State" ""
"5208" "00-0027817" "R.Stanford" "R.J." "Stanford" "UNK" "UNK" "5/6/88" "Utah" ""
"5209" "00-0027360" "T.Ivey" "Travis" "Ivey" "UNK" "UNK" "12/22/86" "Maryland" ""
"5210" "00-0026540" "R.Agnone" "Robert" "Agnone" "UNK" "UNK" "10/2/85" "Delaware" ""
"5211" "00-0033068" "" "Jarrett" "Grace" "UNK" "UNK" "10/8/92" "Notre Dame" ""
"5212" "00-0027201" "D.Nance" "Dimitri" "Nance" "UNK" "UNK" "2/18/88" "Arizona State" ""
"5213" "00-0033182" "" "Justin" "Berger" "UNK" "UNK" "11/22/91" "Wyoming" ""
"5214" "00-0033181" "" "Joe" "Powell" "UNK" "UNK" "2/25/94" "Globe Tech" ""
"5215" "00-0026377" "A.Arrington" "Adrian" "Arrington" "UNK" "UNK" "11/7/85" "Michigan" ""
"5216" "00-0026376" "J.Richard" "Jamey" "Richard" "UNK" "UNK" "10/9/84" "Buffalo" ""
"5217" "00-0026375" "B.Coutu" "Brandon" "Coutu" "UNK" "UNK" "9/29/84" "Georgia" ""
"5218" "00-0026932" "C.Peerman" "Cedric" "Peerman" "CIN" "RB" "10/10/86" "Virginia" ""
"5219" "00-0026373" "J.Forsett" "Justin" "Forsett" "BAL" "RB" "10/14/85" "California" ""
"5220" "00-0026372" "K.Zinger" "Keith" "Zinger" "UNK" "UNK" "10/9/84" "LSU" ""
"5221" "00-0029187" "D.Barclay" "Don" "Barclay" "GB" "T" "4/18/89" "West Virginia" ""
"5222" "00-0029186" "N.Johnson" "Nick" "Johnson" "UNK" "UNK" "8/16/89" "Henderson State" ""
"5223" "00-0032090" "" "Dreamius" "Smith" "UNK" "UNK" "9/8/92" "West Virginia" ""
"5224" "00-0004161" "J.Delhomme" "Jake" "Delhomme" "UNK" "UNK" "1/10/75" "Louisiana-Lafayette" ""
"5225" "00-0011326" "L.Milloy" "Lawyer" "Milloy" "UNK" "UNK" "11/14/73" "Washington" ""
"5226" "00-0029988" "" "Elvis" "Fisher" "UNK" "UNK" "10/25/88" "Missouri" ""
"5227" "00-0029981" "T.Sinkfield" "Terrell" "Sinkfield" "UNK" "UNK" "12/10/90" "Northern Iowa" ""
"5228" "00-0029980" "E.Onyenekwu" "Emeka" "Onyenekwu" "UNK" "UNK" "3/10/90" "Louisiana-Lafayette" ""
"5229" "00-0029985" "B.Bartholomew" "Ben" "Bartholomew" "UNK" "UNK" "7/31/89" "Tennessee" ""
"5230" "00-0029984" "R.Allen" "Ryan" "Allen" "NE" "P" "2/28/90" "Louisiana Tech" ""
"5231" "00-0029987" "K.Davis" "Kanorris" "Davis" "UNK" "UNK" "1/21/90" "Troy" ""
"5232" "00-0026371" "A.Hall" "Alex" "Hall" "UNK" "UNK" "8/17/85" "St. Augustine's" ""
"5233" "00-0026370" "K.Dunlap" "King" "Dunlap" "SD" "T" "9/14/85" "Auburn" ""
"5234" "00-0027028" "D.Veikune" "David" "Veikune" "UNK" "UNK" "12/12/85" "Hawaii" ""
"5235" "00-0027029" "L.McCoy" "LeSean" "McCoy" "BUF" "RB" "7/12/88" "Pittsburgh" ""
"5236" "00-0027024" "D.McBath" "Darcel" "McBath" "UNK" "UNK" "10/28/85" "Texas Tech" ""
"5237" "00-0027025" "M.Unger" "Max" "Unger" "NO" "C" "4/14/86" "Oregon" ""
"5238" "00-0027026" "M.Massaquoi" "Mohamed" "Massaquoi" "UNK" "UNK" "11/24/86" "Georgia" ""
"5239" "00-0027027" "A.Levitre" "Andy" "Levitre" "ATL" "G" "5/15/86" "Oregon State" ""
"5240" "00-0027020" "P.White" "Pat" "White" "UNK" "UNK" "2/25/86" "West Virginia" ""
"5241" "00-0027021" "C.Sintim" "Clint" "Sintim" "UNK" "UNK" "2/21/86" "Virginia" ""
"5242" "00-0027022" "C.Barwin" "Connor" "Barwin" "PHI" "OLB" "10/15/86" "Cincinnati" ""
"5243" "00-0027023" "M.Mitchell" "Mike" "Mitchell" "PIT" "FS" "6/10/87" "Ohio U." ""
"5244" "00-0024281" "E.Winston" "Eric" "Winston" "CIN" "T" "11/17/83" "Miami (Fla.)" ""
"5245" "00-0024282" "A.Hodge" "Abdul" "Hodge" "UNK" "UNK" "9/9/82" "Iowa" ""
"5246" "00-0024285" "A.Youboty" "Ashton" "Youboty" "UNK" "UNK" "7/7/84" "Ohio State" ""
"5247" "00-0024284" "P.McQuistan" "Paul" "McQuistan" "UNK" "UNK" "4/30/83" "Weber State" ""
"5248" "00-0024287" "L.Pope" "Leonard" "Pope" "UNK" "UNK" "9/10/83" "Georgia" ""
"5249" "00-0024286" "C.Gocong" "Chris" "Gocong" "UNK" "UNK" "11/16/83" "Cal Poly-S.L.O." ""
"5250" "00-0024288" "D.Dvoracek" "Dusty" "Dvoracek" "UNK" "UNK" "3/3/83" "Oklahoma" ""
"5251" "00-0022610" "Sp.Johnson" "Spencer" "Johnson" "UNK" "UNK" "12/12/81" "Auburn" ""
"5252" "00-0022612" "B.Parker" "Byron" "Parker" "UNK" "UNK" "3/7/81" "Tulane" ""
"5253" "00-0022613" "G.Martinez" "Glenn" "Martinez" "UNK" "UNK" "11/30/81" "Saginaw Valley State" ""
"5254" "00-0032111" "" "Shaquille" "Riddick" "ARI" "LB" "3/12/93" "West Virginia" ""
"5255" "00-0032116" "" "Darius" "Philon" "SD" "DE" "1/22/94" "Arkansas" ""
"5256" "00-0032114" "" "Deiontrez" "Mount" "UNK" "UNK" "2/26/93" "Louisville" ""
"5257" "00-0032115" "" "Kaelin" "Clay" "BAL" "WR" "1/2/92" "Utah" ""
"5258" "00-0032118" "" "Andy" "Gallik" "TEN" "C" "9/24/91" "Boston College" ""
"5259" "00-0032119" "" "Anthony" "Morris" "UNK" "UNK" "3/25/92" "Tennessee State" ""
"5260" "00-0023460" "J.Campbell" "Jason" "Campbell" "UNK" "UNK" "12/31/81" "Auburn" ""
"5261" "00-0003874" "P.Daniels" "Phillip" "Daniels" "UNK" "UNK" "3/4/73" "Georgia" ""
"5262" "00-0030192" "X.Brewer" "Xavier" "Brewer" "UNK" "UNK" "1/25/90" "Clemson" ""
"5263" "00-0030194" "J.Hamilton" "Jakar" "Hamilton" "UNK" "UNK" "10/2/89" "South Carolina State" ""
"5264" "00-0030196" "J.Heath" "Jeff" "Heath" "DAL" "SS" "5/14/91" "Saginaw Valley State" ""
"5265" "00-0030197" "D.Lacey" "Deon" "Lacey" "UNK" "UNK" "7/18/90" "West Alabama" ""
"5266" "00-0030198" "C.Lawrence" "Cameron" "Lawrence" "UNK" "UNK" "1/20/91" "Mississippi State" ""
"5267" "00-0030199" "K.Lawrence" "Kendial" "Lawrence" "UNK" "UNK" "4/13/91" "Missouri" ""
"5268" "00-0031462" "" "Jerome" "Cunningham" "TEN" "TE" "5/25/91" "Southern Connecticut State" ""
"5269" "00-0031359" "K.Benjamin" "Kelvin" "Benjamin" "CAR" "WR" "2/5/91" "Florida State" ""
"5270" "00-0031353" "" "Michael" "Schofield" "DEN" "T" "11/15/90" "Michigan" ""
"5271" "00-0031352" "A.Louis-Jean" "Al" "Louis-Jean" "UNK" "UNK" "10/13/93" "Boston College" ""
"5272" "00-0031355" "" "Kyle" "Sebetic" "UNK" "UNK" "6/27/91" "Dayton" ""
"5273" "00-0031354" "L.Barrow" "Lamin" "Barrow" "CHI" "LB" "11/29/90" "LSU" ""
"5274" "00-0031357" "" "C.J." "Goodwin" "ATL" "WR" "2/4/90" "California (PA)" ""
"5275" "00-0031356" "" "FN" "Lutz" "UNK" "UNK" "5/24/91" "Indiana State" ""
"5276" "00-0032328" "" "Ronnie" "Shields" "SEA" "TE" "12/15/91" "Kentucky" ""
"5277" "00-0032320" "" "Erik" "Harris" "NO" "DB" "4/2/90" "California (PA)" ""
"5278" "00-0032323" "" "Derrick" "Mathews" "UNK" "UNK" "9/25/92" "Houston" ""
"5279" "00-0032322" "" "Dexter" "McCoil" "SD" "DB" "9/5/91" "Tulsa" ""
"5280" "00-0032325" "" "Jamel" "Johnson" "UNK" "UNK" "7/9/91" "Alabama State" ""
"5281" "00-0032324" "" "Cornelius" "Edison" "CHI" "C" "7/10/93" "Portland State" ""
"5282" "00-0032326" "" "B.J." "Lowery" "DEN" "DB" "8/31/91" "Iowa" ""
"5283" "00-0028340" "T.Baptiste" "Tressor" "Baptiste" "UNK" "UNK" "9/13/88" "Texas A&M" " - Kingsville"
"5284" "00-0028342" "A.Bryan" "Antareis" "Bryan" "UNK" "UNK" "5/20/88" "Baylor" ""
"5285" "00-0028344" "D.DeCicco" "Dom" "DeCicco" "UNK" "UNK" "9/11/88" "Pittsburgh" ""
"5286" "00-0028345" "R.Hughes" "Robert" "Hughes" "UNK" "UNK" "6/21/89" "Notre Dame" ""
"5287" "00-0028346" "R.Jones" "Ryan" "Jones" "UNK" "UNK" "8/8/88" "Northwest Missouri State" ""
"5288" "00-0028347" "S.Lanning" "Spencer" "Lanning" "UNK" "UNK" "5/21/88" "South Carolina" ""
"5289" "00-0028349" "J.Miller" "Jordan" "Miller" "UNK" "UNK" "2/1/88" "Southern University" ""
"5290" "00-0031749" "" "Ray" "Hamilton" "UNK" "UNK" "10/28/92" "Iowa" ""
"5291" "00-0031746" "" "George" "Farmer" "SEA" "CB" "7/4/93" "USC" ""
"5292" "00-0028803" "A.Donald" "Archie" "Donald" "UNK" "UNK" "4/11/88" "Toledo" ""
"5293" "00-0026762" "A.Boone" "Alex" "Boone" "MIN" "OG" "5/4/87" "Ohio State" ""
"5294" "00-0028801" "M.Russell" "Mario" "Russell" "UNK" "UNK" "12/4/87" "Carson-Newman" ""
"5295" "00-0028800" "J.Lewis" "Javes" "Lewis" "UNK" "UNK" "12/11/89" "Oregon" ""
"5296" "00-0028779" "S.Berry" "Scooter" "Berry" "UNK" "UNK" "6/28/86" "West Virginia" ""
"5297" "00-0028809" "A.Elzy" "Anthony" "Elzy" "UNK" "UNK" "7/11/87" "North Carolina" ""
"5298" "00-0029232" "E.McClam" "Edmon" "McClam" "UNK" "UNK" "2/17/89" "Old Dominion" ""
"5299" "00-0030745" "Jacques Smith" "Jacques" "Smith" "UNK" "UNK" "12/31/91" "Tennessee" ""
"5300" "00-0031747" "" "Antwan" "Goodley" "SEA" "WR" "9/6/91" "Baylor" ""
"5301" "00-0031744" "" "Matt" "LaCosse" "NYG" "TE" "9/21/92" "Illinois" ""
"5302" "00-0031743" "" "Akeem" "Hunt" "HOU" "RB" "2/22/93" "Purdue" ""
"5303" "00-0031740" "" "Neville" "Hewitt" "MIA" "OLB" "4/6/93" "Marshall" ""
"5304" "00-0021959" "J.Black" "Jordan" "Black" "UNK" "UNK" "1/28/80" "Notre Dame" ""
"5305" "00-0021244" "J.Green" "Jarvis" "Green" "UNK" "UNK" "1/12/79" "LSU" ""
"5306" "00-0032934" "" "Tony" "McRae" "CIN" "CB" "5/3/93" "North Carolina" ""
"5307" "00-0022050" "P.Tinoisamoa" "Pisa" "Tinoisamoa" "UNK" "UNK" "7/15/81" "Hawaii" ""
"5308" "00-0022054" "V.Shiancoe" "Visanthe" "Shiancoe" "UNK" "UNK" "6/18/80" "Morgan State" ""
"5309" "00-0022055" "S.Wallace" "Seneca" "Wallace" "UNK" "UNK" "8/6/80" "Iowa State" ""
"5310" "00-0022059" "R.Mathis" "Robert" "Mathis" "IND" "OLB" "2/26/81" "Alabama A&M" ""
"5311" "00-0026962" "N.Reed" "Nick" "Reed" "UNK" "UNK" "9/1/87" "Oregon" ""
"5312" "00-0026611" "T.Lorenzen" "Tyler" "Lorenzen" "UNK" "UNK" "12/24/85" "Connecticut" ""
"5313" "00-0026612" "J.Navarre" "Jeremy" "Navarre" "UNK" "UNK" "3/16/87" "Maryland" ""
"5314" "00-0026961" "L.Louis" "Lance" "Louis" "UNK" "UNK" "4/24/85" "San Diego State" ""
"5315" "00-0026966" "F.Brown" "Freddie" "Brown" "UNK" "UNK" "6/24/86" "Utah" ""
"5316" "00-0026615" "T.Peterson" "Todd" "Peterson" "UNK" "UNK" "10/26/85" "Nebraska" ""
"5317" "00-0026964" "C.McDonald" "Clinton" "McDonald" "TB" "DT" "1/6/87" "Memphis" ""
"5318" "00-0026617" "J.Williams" "Julius" "Williams" "UNK" "UNK" "7/19/86" "Connecticut" ""
"5319" "00-0026618" "M.Bennett" "Michael" "Bennett" "SEA" "DE" "11/13/85" "Texas A&M" ""
"5320" "00-0026619" "T.Fein" "Tony" "Fein" "UNK" "UNK" "7/13/82" "Mississippi" ""
"5321" "00-0026968" "R.Succop" "Ryan" "Succop" "TEN" "K" "9/19/86" "South Carolina" ""
"5322" "00-0026969" "D.Frischknecht" "Devin" "Frischknecht" "UNK" "UNK" "11/6/86" "Washington State" ""
"5323" "00-0029431" "T.Dye" "Tony" "Dye" "UNK" "UNK" "2/11/90" "UCLA" ""
"5324" "00-0029432" "C.Ford" "Chase" "Ford" "UNK" "UNK" "7/19/90" "Miami (Fla.)" ""
"5325" "00-0029435" "D.Johnson" "Damaris" "Johnson" "UNK" "UNK" "11/22/89" "Tulsa" ""
"5326" "00-0032471" "" "Sadat" "Sulleyman" "DEN" "LB" "10/25/92" "Portland State" ""
"5327" "00-0029438" "C.Polk" "Chris" "Polk" "UNK" "UNK" "12/16/89" "Washington" ""
"5328" "00-0027970" "D.Sherrod" "Derek" "Sherrod" "UNK" "UNK" "4/23/89" "Mississippi State" ""
"5329" "00-0028061" "T.Doss" "Tandon" "Doss" "UNK" "UNK" "9/22/89" "Indiana" ""
"5330" "00-0028060" "C.Hairston" "Chris" "Hairston" "SD" "OT" "4/26/89" "Clemson" ""
"5331" "00-0027973" "A.Dalton" "Andy" "Dalton" "CIN" "QB" "10/29/87" "Texas Christian" ""
"5332" "00-0025535" "K.Smith" "Kolby" "Smith" "UNK" "UNK" "12/15/84" "Louisville" ""
"5333" "00-0025701" "J.Battle" "Jackie" "Battle" "UNK" "UNK" "10/1/83" "Houston" ""
"5334" "00-0021394" "M.Brown" "Milford" "Brown" "UNK" "UNK" "8/15/80" "Florida State" ""
"5335" "00-0032930" "" "Oni" "Omoile" "OAK" "OG" "6/24/93" "Iowa State" ""
"5336" "00-0000865" "C.Batch" "Charlie" "Batch" "UNK" "UNK" "12/5/74" "Eastern Michigan" ""
"5337" "00-0027561" "M.McLaughlin" "Mike" "McLaughlin" "UNK" "UNK" "5/11/87" "Boston College" ""
"5338" "00-0027560" "A.McClellan" "Albert" "McClellan" "BAL" "OLB" "6/4/86" "Marshall" ""
"5339" "00-0027562" "P.Miller" "Prince" "Miller" "UNK" "UNK" "1/14/88" "Georgia" ""
"5340" "00-0027565" "J.Corcoran" "Jack" "Corcoran" "UNK" "UNK" "6/26/87" "Rutgers" ""
"5341" "00-0027564" "C.Steele" "Curtis" "Steele" "UNK" "UNK" "3/24/87" "Memphis" ""
"5342" "00-0027567" "S.Maneri" "Steve" "Maneri" "UNK" "UNK" "3/20/88" "Temple" ""
"5343" "00-0027566" "I.Greenhouse" "Isaiah" "Greenhouse" "UNK" "UNK" "7/15/87" "Northwestern State-Louisiana" ""
"5344" "00-0027569" "N.Polk" "Nick" "Polk" "UNK" "UNK" "10/6/86" "Indiana" ""
"5345" "00-0023016" "E.Pears" "Erik" "Pears" "UNK" "UNK" "6/25/82" "Colorado State" ""
"5346" "00-0023013" "B.Browner" "Brandon" "Browner" "UNK" "UNK" "8/2/84" "Oregon State" ""
"5347" "00-0027705" "A.Verner" "Alterraun" "Verner" "TB" "CB" "12/13/88" "UCLA" ""
"5348" "00-0027707" "B.Campbell" "Bruce" "Campbell" "UNK" "UNK" "5/25/88" "Maryland" ""
"5349" "00-0027706" "T.Lindley" "Trevard" "Lindley" "UNK" "UNK" "2/2/86" "Kentucky" ""
"5350" "00-0027701" "E.Griffen" "Everson" "Griffen" "MIN" "DE" "12/22/87" "USC" ""
"5351" "00-0027700" "M.Gilyard" "Mardy" "Gilyard" "UNK" "UNK" "12/2/86" "Cincinnati" ""
"5352" "00-0027703" "D.Sharpton" "Darryl" "Sharpton" "UNK" "UNK" "1/1/88" "Miami (Fla.)" ""
"5353" "00-0027702" "M.Williams" "Mike" "Williams" "UNK" "UNK" "5/18/87" "Syracuse" ""
"5354" "00-0027709" "J.Ford" "Jacoby" "Ford" "UNK" "UNK" "7/27/87" "Clemson" ""
"5355" "00-0027708" "M.Easley" "Marcus" "Easley" "BUF" "WR" "11/2/87" "Connecticut" ""
"5356" "00-0020285" "A.Crumpler" "Alge" "Crumpler" "UNK" "UNK" "12/23/77" "North Carolina" ""
"5357" "00-0020286" "R.Edwards" "Ron" "Edwards" "UNK" "UNK" "7/12/79" "Texas A&M" ""
"5358" "00-0020280" "M.McCree" "Marlon" "McCree" "UNK" "UNK" "3/17/77" "Kentucky" ""
"5359" "00-0031104" "" "Kameron" "Jackson" "UNK" "UNK" "10/31/93" "California" ""
"5360" "00-0031105" "Z.Kerr" "Zach" "Kerr" "IND" "DE" "8/29/90" "Delaware" ""
"5361" "00-0031106" "H.Josey" "Henry" "Josey" "UNK" "UNK" "9/25/91" "Missouri" ""
"5362" "00-0031107" "" "Austin" "Wentworth" "UNK" "UNK" "5/10/90" "Fresno State" ""
"5363" "00-0031101" "S.Barrett" "Shaquil" "Barrett" "DEN" "OLB" "11/17/92" "Colorado State" ""
"5364" "00-0031102" "K.Bibbs" "Kapri" "Bibbs" "DEN" "RB" "1/10/93" "Colorado State" ""
"5365" "00-0032135" "" "Jesse" "James" "PIT" "TE" "6/4/94" "Penn State" ""
"5366" "00-0032137" "" "JaCorey" "Shepherd" "PHI" "CB" "3/29/93" "Kansas" ""
"5367" "00-0005150" "J.Ferguson" "Jason" "Ferguson" "UNK" "UNK" "11/28/74" "Georgia" ""
"5368" "00-0027398" "T.Guy" "Trent" "Guy" "UNK" "UNK" "8/22/87" "Louisville" ""
"5369" "00-0005155" "N.Ferguson" "Nick" "Ferguson" "UNK" "UNK" "11/27/74" "Georgia Tech" ""
"5370" "00-0027390" "R.Small" "Ray" "Small" "UNK" "UNK" "3/25/87" "Ohio State" ""
"5371" "00-0027394" "B.Long" "Brandon" "Long" "UNK" "UNK" "9/6/86" "Michigan State" ""
"5372" "00-0026547" "D.Guice" "Dudley" "Guice" "UNK" "UNK" "5/28/86" "Northwestern State-Louisiana" ""
"5373" "00-0032130" "" "Jalston" "Fowler" "TEN" "FB" "7/26/90" "Alabama" ""
"5374" "00-0032131" "" "Rodney" "Gunter" "ARI" "NT" "1/19/92" "Delaware State" ""
"5375" "00-0032132" "" "Max" "Garcia" "DEN" "OG" "11/9/91" "Florida" ""
"5376" "00-0032133" "" "David" "Cobb" "UNK" "UNK" "6/3/93" "Minnesota" ""
"5377" "00-0032138" "" "Darius" "Kilgo" "DEN" "NT" "12/14/91" "Maryland" ""
"5378" "00-0024548" "R.Rogers" "Roderick" "Rogers" "UNK" "UNK" "9/7/84" "Wisconsin" ""
"5379" "00-0023351" "S.Thomas" "Santonio" "Thomas" "UNK" "UNK" "7/2/81" "Miami (Fla.)" ""
"5380" "00-0029914" "" "Nik" "Embernate" "UNK" "UNK" "11/3/90" "San Diego State" ""
"5381" "00-0006398" "K.Gregg" "Kelly" "Gregg" "UNK" "UNK" "11/1/76" "Oklahoma" ""
"5382" "00-0022863" "I.Sopoaga" "Isaac" "Sopoaga" "UNK" "UNK" "9/4/81" "Hawaii" ""
"5383" "00-0022860" "L.Johnson" "Landon" "Johnson" "UNK" "UNK" "3/13/81" "Purdue" ""
"5384" "00-0022867" "R.Geathers" "Robert" "Geathers" "UNK" "UNK" "8/11/83" "Georgia" ""
"5385" "00-0022865" "M.Askew" "Matthias" "Askew" "UNK" "UNK" "7/1/82" "Michigan State" ""
"5386" "00-0028837" "J.Messam" "Jerome" "Messam" "UNK" "UNK" "4/2/85" "Graceland" ""
"5387" "00-0028834" "C.Robertson" "Craig" "Robertson" "NO" "LB" "2/11/88" "North Texas" ""
"5388" "00-0028284" "P.Scales" "Patrick" "Scales" "CHI" "LS" "2/11/88" "Utah State" ""
"5389" "00-0028287" "Ch.Williams" "Chavis" "Williams" "UNK" "UNK" "7/10/89" "Alabama" ""
"5390" "00-0028286" "J.Victorian" "Josh" "Victorian" "UNK" "UNK" "7/10/88" "Louisiana Tech" ""
"5391" "00-0028281" "T.Jackson" "Talmadge" "Jackson" "UNK" "UNK" "3/9/89" "Oregon" ""
"5392" "00-0028280" "A.Leon" "Anthony" "Leon" "UNK" "UNK" "10/22/87" "Arkansas" ""
"5393" "00-0028282" "J.Morris" "Johdrick" "Morris" "UNK" "UNK" "3/19/88" "Southern Mississippi" ""
"5394" "00-0028289" "N.Williams" "Nate" "Williams" "UNK" "UNK" "4/11/89" "Washington" ""
"5395" "00-0032514" "" "Shaneil" "Jenkins" "DAL" "DE" "2/7/94" "Shepherd" ""
"5396" "00-0027147" "M.Mickens" "Mike" "Mickens" "UNK" "UNK" "7/24/87" "Cincinnati" ""
"5397" "00-0030769" "" "Dion" "Bailey" "NYJ" "SS" "3/2/92" "USC" ""
"5398" "00-0030768" "S.Skov" "Shayne" "Skov" "SF" "ILB" "7/9/90" "Stanford" ""
"5399" "00-0030767" "L.McCray" "L.J." "McCray" "SF" "DB" "6/18/91" "Catawba" ""
"5400" "00-0024132" "F.Huggins" "Felton" "Huggins" "UNK" "UNK" "2/15/83" "Southeastern Louisiana" ""
"5401" "00-0028524" "M.Berning" "Matt" "Berning" "UNK" "UNK" "9/22/86" "Central Michigan" ""
"5402" "00-0030764" "" "Dillon" "Farrell" "NYG" "OG" "9/7/90" "New Mexico" ""
"5403" "00-0030762" "R.White" "Ryan" "White" "UNK" "UNK" "1/22/92" "Auburn" ""
"5404" "00-0030761" "J.Thomas" "Joe" "Thomas" "GB" "LB" "5/6/91" "South Carolina State" ""
"5405" "00-0023871" "S.Conover" "Sean" "Conover" "UNK" "UNK" "7/31/84" "Bucknell" ""
"5406" "00-0026960" "C.Greene" "Courtney" "Greene" "UNK" "UNK" "11/23/86" "Rutgers" ""
"5407" "00-0030832" "" "Asante" "Cleveland" "SD" "TE" "3/21/92" "Miami (Fla.)" ""
"5408" "00-0025889" "J.Adams" "Jamar" "Adams" "UNK" "UNK" "11/29/85" "Michigan" ""
"5409" "00-0025884" "A.Ervin" "Allen" "Ervin" "UNK" "UNK" "3/19/85" "Lambuth" ""
"5410" "00-0025885" "R.Hardie" "Rudolph" "Hardie" "UNK" "UNK" "10/8/85" "Howard" ""
"5411" "00-0031358" "D.Thigpen" "Damien" "Thigpen" "UNK" "UNK" "7/7/91" "UCLA" ""
"5412" "00-0031351" "" "Macky" "MacPherson" "UNK" "UNK" "2/1/92" "Syracuse" ""
"5413" "00-0031350" "C.Nelson" "Corey" "Nelson" "DEN" "OLB" "4/22/92" "Oklahoma" ""
"5414" "00-0032513" "" "Eric" "Striker" "UNK" "UNK" "10/1/93" "Oklahoma" ""
"5415" "00-0027144" "E.Lankster" "Ellis" "Lankster" "UNK" "UNK" "6/3/87" "West Virginia" ""
"5416" "00-0027141" "J.Williams" "Javarris" "Williams" "UNK" "UNK" "4/8/86" "Tennessee State" ""
"5417" "00-0027140" "C.Ogbonnaya" "Chris" "Ogbonnaya" "UNK" "UNK" "5/20/86" "Texas" ""
"5418" "00-0029628" "C.Bilukidi" "Christo" "Bilukidi" "UNK" "UNK" "12/13/89" "Georgia State" ""
"5419" "00-0028752" "J.Gilmore" "Jonathan" "Gilmore" "UNK" "UNK" "2/28/87" "Southern Oregon" ""
"5420" "00-0028751" "C.Hopkins" "Chris" "Hopkins" "UNK" "UNK" "2/26/85" "Toledo" ""
"5421" "00-0028750" "B.Smith" "Brandon" "Smith" "UNK" "UNK" "2/23/87" "Arizona State" ""
"5422" "00-0028757" "Z.Etheridge" "Zac" "Etheridge" "UNK" "UNK" "7/6/88" "Auburn" ""
"5423" "00-0028755" "M.Brodine" "Mason" "Brodine" "UNK" "UNK" "2/18/88" "Nebraska-Kearney" ""
"5424" "00-0029080" "" "Darrion" "Weems" "DEN" "OT" "9/4/88" "Oregon" ""
"5425" "00-0029083" "R.Baker" "Ryan" "Baker" "UNK" "UNK" "10/27/89" "LSU" ""
"5426" "00-0029087" "L.Johnson" "Leonard" "Johnson" "UNK" "UNK" "3/30/90" "Iowa State" ""
"5427" "00-0029622" "J.Pendleton" "Jeris" "Pendleton" "UNK" "UNK" "11/7/83" "Ashland" ""
"5428" "00-0032688" "" "Robby" "Anderson" "NYJ" "WR" "5/9/93" "Temple" ""
"5429" "00-0029623" "A.Tanney" "Alex" "Tanney" "TEN" "QB" "11/11/87" "Monmouth (Ill.)" ""
"5430" "00-0025558" "C.Oldenburg" "Clint" "Oldenburg" "UNK" "UNK" "9/9/83" "Colorado State" ""
"5431" "00-0025559" "L.Naanee" "Legedu" "Naanee" "UNK" "UNK" "9/16/83" "Boise State" ""
"5432" "00-0025557" "W.Gay" "William" "Gay" "PIT" "CB" "1/1/85" "Louisville" ""
"5433" "00-0025554" "K.Payne" "Kevin" "Payne" "UNK" "UNK" "12/5/83" "Louisiana-Monroe" ""
"5434" "00-0025555" "C.Graham" "Corey" "Graham" "BUF" "FS" "7/25/85" "New Hampshire" ""
"5435" "00-0025552" "E.Frampton" "Eric" "Frampton" "UNK" "UNK" "2/6/84" "Washington State" ""
"5436" "00-0025553" "D.Landri" "Derek" "Landri" "UNK" "UNK" "9/21/83" "Notre Dame" ""
"5437" "00-0025550" "B.Frye" "Brandon" "Frye" "UNK" "UNK" "1/23/83" "Virginia Tech" ""
"5438" "00-0025551" "T.Shaw" "Tim" "Shaw" "UNK" "UNK" "3/27/84" "Penn State" ""
"5439" "00-0031683" "" "Kevin" "White" "UNK" "UNK" "6/25/92" "Texas Christian" ""
"5440" "00-0029430" "T.Robertson" "Travian" "Robertson" "UNK" "UNK" "12/9/88" "South Carolina" ""
"5441" "00-0029433" "E.Akpla" "Elvis" "Akpla" "UNK" "UNK" "1/6/89" "Montana State" ""
"5442" "00-0029437" "M.Jacobson" "McKay" "Jacobson" "UNK" "UNK" "10/7/87" "Brigham Young" ""
"5443" "00-0029340" "R.Thornton" "Ronnie" "Thornton" "UNK" "UNK" "7/10/89" "Southern Mississippi" ""
"5444" "00-0029349" "Z.Nash" "Zack" "Nash" "UNK" "UNK" "9/23/89" "Sacramento State" ""
"5445" "00-0029348" "M.McGraw" "Marcus" "McGraw" "UNK" "UNK" "10/5/89" "Houston" ""
"5446" "00-0025706" "M.Jefferson" "Mike" "Jefferson" "UNK" "UNK" "12/28/82" "Montana State" ""
"5447" "00-0025704" "R.Hannah" "Rodney" "Hannah" "UNK" "UNK" "8/9/84" "Houston" ""
"5448" "00-0025708" "M.Moore" "Matt" "Moore" "MIA" "QB" "8/9/84" "Oregon State" ""
"5449" "00-0027704" "P.Riley" "Perry" "Riley" "UNK" "UNK" "5/3/88" "LSU" ""
"5450" "00-0031682" "" "Terron" "Ward" "ATL" "RB" "2/15/92" "Oregon State" ""
"5451" "00-0031681" "" "Valerian" "Ume-Ezeoke" "PIT" "C" "2/14/93" "New Mexico State" ""
"5452" "00-0031680" "" "Robenson" "Therezie" "ATL" "FS" "8/5/91" "Auburn" ""
"5453" "00-0031687" "" "Raheem" "Mostert" "CLE" "RB" "4/9/92" "Purdue" ""
"5454" "00-0031686" "" "B.J." "McBryde" "SF" "DE" "10/21/91" "Connecticut" ""
"5455" "00-0028139" "S.Schilling" "Stephen" "Schilling" "UNK" "UNK" "7/21/88" "Michigan" ""
"5456" "00-0028138" "R.Homan" "Ross" "Homan" "UNK" "UNK" "3/5/87" "Ohio State" ""
"5457" "00-0028137" "J.Powe" "Jerrell" "Powe" "WAS" "NT" "3/15/87" "Mississippi" ""
"5458" "00-0028136" "T.Sash" "Tyler" "Sash" "UNK" "UNK" "5/27/88" "Iowa" ""
"5459" "00-0028135" "R.Elmore" "Ricky" "Elmore" "UNK" "UNK" "2/1/88" "Arizona" ""
"5460" "00-0028134" "Ke.Williams" "Keith" "Williams" "UNK" "UNK" "4/8/88" "Nebraska" ""
"5461" "00-0028133" "J.Thomas" "J.T." "Thomas" "NYG" "OLB" "8/15/88" "West Virginia" ""
"5462" "00-0028132" "M.Carter" "Markell" "Carter" "UNK" "UNK" "12/21/89" "Central Arkansas" ""
"5463" "00-0028131" "B.Rolle" "Brian" "Rolle" "UNK" "UNK" "11/20/88" "Ohio State" ""
"5464" "00-0028130" "M.Bosher" "Matt" "Bosher" "ATL" "P" "10/18/87" "Miami (Fla.)" ""
"5465" "00-0030886" "" "Eric" "Waters" "UNK" "UNK" "7/29/91" "Missouri" ""
"5466" "00-0030887" "" "Anthony" "Steen" "MIA" "OG" "5/9/90" "Alabama" ""
"5467" "00-0030884" "" "Roy" "Philon" "UNK" "UNK" "3/26/91" "Louisville" ""
"5468" "00-0030885" "" "Will" "Simmons" "UNK" "UNK" "1/31/91" "East Carolina" ""
"5469" "00-0030882" "" "Brendon" "Kay" "UNK" "UNK" "12/29/89" "Cincinnati" ""
"5470" "00-0029885" "S.Miller" "Steven" "Miller" "UNK" "UNK" "3/23/91" "Appalachian State" ""
"5471" "00-0029886" "L.Waddle" "LaAdrian" "Waddle" "NE" "T" "7/21/91" "Texas Tech" ""
"5472" "00-0030881" "H.Jones" "Howard" "Jones" "TB" "DE" "2/10/90" "Shepherd" ""
"5473" "00-0029888" "D.Morris" "Darryl" "Morris" "NYJ" "DB" "9/4/90" "Texas State" ""
"5474" "00-0028288" "L.Williams" "LaQuan" "Williams" "UNK" "UNK" "6/27/88" "Maryland" ""
"5475" "00-0031103" "D.Coleman" "Deandre" "Coleman" "MIA" "DT" "1/27/91" "California" ""
"5476" "00-0031108" "A.Dalton" "A.J." "Dalton" "UNK" "UNK" "2/17/92" "Robert Morris" ""
"5477" "00-0031109" "" "Andru" "Pulu" "UNK" "UNK" "7/29/91" "Eastern Washington" ""
"5478" "00-0032134" "" "C.J." "Uzomah" "CIN" "TE" "1/14/93" "Auburn" ""
"5479" "00-0032136" "" "Lorenzo" "Doss" "DEN" "CB" "4/20/94" "Tulane" ""
"5480" "00-0029665" "R.Griffin" "Robert" "Griffin III" "CLE" "QB" "2/12/90" "Baylor" ""
"5481" "00-0029666" "J.LeRibeus" "Josh" "LeRibeus" "WAS" "C" "7/2/89" "Southern Methodist" ""
"5482" "00-0029667" "N.Toon" "Nick" "Toon" "UNK" "UNK" "11/4/88" "Wisconsin" ""
"5483" "00-0029660" "T.Graham" "T.J." "Graham" "UNK" "UNK" "7/27/89" "North Carolina State" ""
"5484" "00-0029661" "" "Andrew" "Tiller" "SF" "G" "3/13/89" "Syracuse" ""
"5485" "00-0029662" "P.Cornick" "Paul" "Cornick" "UNK" "UNK" "3/15/89" "North Dakota State" ""
"5486" "00-0030889" "G.Carson" "Glenn" "Carson" "UNK" "UNK" "12/5/90" "Penn State" ""
"5487" "00-0032956" "" "Andy" "Janovich" "DEN" "FB" "5/23/93" "Nebraska" ""
"5488" "00-0027951" "N.Fairley" "Nick" "Fairley" "NO" "DT" "1/23/88" "Auburn" ""
"5489" "00-0032954" "" "Isaac" "Seumalo" "PHI" "OG" "10/29/93" "Oregon State" ""
"5490" "00-0032955" "" "Kyler" "Fackrell" "GB" "OLB" "11/25/91" "Utah State" ""
"5491" "00-0032952" "" "Noah" "Spence" "TB" "DE" "1/8/94" "Eastern Kentucky" ""
"5492" "00-0027955" "N.Solder" "Nate" "Solder" "NE" "T" "4/12/88" "Colorado" ""
"5493" "00-0027956" "C.Liuget" "Corey" "Liuget" "SD" "DE" "3/18/90" "Illinois" ""
"5494" "00-0027957" "P.Amukamara" "Prince" "Amukamara" "UNK" "UNK" "6/6/89" "Nebraska" ""
"5495" "00-0027958" "A.Clayborn" "Adrian" "Clayborn" "ATL" "DE" "7/6/88" "Iowa" ""
"5496" "00-0027959" "P.Taylor" "Phillip" "Taylor" "UNK" "UNK" "4/7/88" "Baylor" ""
"5497" "00-0032488" "" "Mose" "Frazier" "DEN" "WR" "8/30/93" "Memphis" ""
"5498" "00-0032489" "" "Antonio" "Glover" "UNK" "UNK" "3/31/93" "Georgia Southern" ""
"5499" "00-0032958" "" "Will" "Parks" "DEN" "DB" "7/29/94" "Arizona" ""
"5500" "00-0032959" "" "Charone" "Peake" "NYJ" "WR" "10/16/92" "Clemson" ""
"5501" "00-0031977" "" "John" "Peters" "UNK" "UNK" "4/29/92" "Mount St. Joseph" ""
"5502" "00-0031973" "" "Luke" "Lundy" "UNK" "UNK" "8/23/88" "Ottawa (Kans.)" ""
"5503" "00-0031972" "" "Darius" "Jennings" "CLE" "WR" "6/28/92" "Virginia" ""
"5504" "00-0023645" "D.Anderson" "Derek" "Anderson" "CAR" "QB" "6/15/83" "Oregon State" ""
"5505" "00-0008124" "G.Jackson" "Grady" "Jackson" "UNK" "UNK" "1/21/73" "Knoxville" ""
"5506" "00-0022266" "A.Herrera" "Anthony" "Herrera" "UNK" "UNK" "6/14/80" "Tennessee" ""
"5507" "00-0011795" "M.Muhammad" "Muhsin" "Muhammad" "UNK" "UNK" "5/5/73" "Michigan State" ""
"5508" "00-0032957" "" "Kolby" "Listenbee" "UNK" "UNK" "1/25/94" "Texas Christian" ""
"5509" "00-0023648" "K.Vickerson" "Kevin" "Vickerson" "UNK" "UNK" "1/8/83" "Michigan State" ""
"5510" "00-0024733" "K.Parrish" "Ken" "Parrish" "UNK" "UNK" "6/22/84" "East Stroudsburg" ""
"5511" "00-0024734" "A.Applewhite" "Antwan" "Applewhite" "UNK" "UNK" "12/31/85" "San Diego State" ""
"5512" "00-0024736" "T.Battle" "Tra" "Battle" "UNK" "UNK" "1/5/85" "Georgia" ""
"5513" "00-0029629" "N.Stupar" "Nate" "Stupar" "NO" "LB" "3/14/88" "Penn State" ""
"5514" "00-0028759" "B.Gbadyu" "Bani" "Gbadyu" "UNK" "UNK" "8/31/87" "Penn State" ""
"5515" "00-0028758" "C.Francis" "Chris" "Francis" "UNK" "UNK" "11/25/88" "Baylor" ""
"5516" "00-0028753" "J.Cumbie" "Jamie" "Cumbie" "UNK" "UNK" "2/6/89" "Clemson" ""
"5517" "00-0024739" "A.Coleman" "Andre" "Coleman" "UNK" "UNK" "7/26/84" "Albany" ""
"5518" "00-0024738" "E.Buckley" "Eldra" "Buckley" "UNK" "UNK" "6/23/85" "Tennessee-Chattanooga" ""
"5519" "00-0028169" "F.Kearse" "Frank" "Kearse" "UNK" "UNK" "10/28/88" "Alabama A&M" ""
"5520" "00-0026391" "K.Cox" "Kennard" "Cox" "UNK" "UNK" "8/17/85" "Pittsburgh" ""
"5521" "00-0026390" "M.Bernadeau" "Mackenzy" "Bernadeau" "UNK" "UNK" "1/3/86" "Bentley" ""
"5522" "00-0026393" "M.Reece" "Marcel" "Reece" "OAK" "FB" "6/23/85" "Washington" ""
"5523" "00-0026392" "D.Vobora" "David" "Vobora" "UNK" "UNK" "4/8/86" "Idaho" ""
"5524" "00-0026395" "A.Crummey" "Andrew" "Crummey" "UNK" "UNK" "10/22/84" "Maryland" ""
"5525" "00-0026394" "E.Young" "Eric" "Young" "UNK" "UNK" "11/22/83" "Tennessee" ""
"5526" "00-0026397" "E.Butler" "Eric" "Butler" "UNK" "UNK" "9/13/84" "Mississippi State" ""
"5527" "00-0022149" "T.Pashos" "Tony" "Pashos" "UNK" "UNK" "8/3/80" "Illinois" ""
"5528" "00-0026399" "O.Sobomehin" "Olaniyi" "Sobomehin" "UNK" "UNK" "10/11/84" "Portland State" ""
"5529" "00-0027046" "T.Knighton" "Terrance" "Knighton" "UNK" "UNK" "7/4/86" "Temple" ""
"5530" "00-0027042" "A.Magee" "Alex" "Magee" "UNK" "UNK" "4/28/87" "Purdue" ""
"5531" "00-0027043" "J.Williams" "Jason" "Williams" "UNK" "UNK" "4/23/86" "Western Illinois" ""
"5532" "00-0027040" "R.Quinn" "Richard" "Quinn" "UNK" "UNK" "9/6/86" "North Carolina" ""
"5533" "00-0027041" "B.Fletcher" "Bradley" "Fletcher" "UNK" "UNK" "6/25/86" "Iowa" ""
"5534" "00-0027048" "G.Coffee" "Glen" "Coffee" "UNK" "UNK" "5/1/87" "Alabama" ""
"5535" "00-0027049" "R.Brewster" "Robert" "Brewster" "UNK" "UNK" "7/30/86" "Ball State" ""
"5536" "00-0030653" "" "Ray" "Agnew" "UNK" "UNK" "2/26/91" "Southern Illinois" ""
"5537" "00-0030652" "" "Josh" "Walker" "GB" "G" "6/2/91" "Middle Tennessee State" ""
"5538" "00-0015495" "S.Springs" "Shawn" "Springs" "UNK" "UNK" "3/11/75" "Ohio State" ""
"5539" "00-0017899" "P.Williams" "Pat" "Williams" "UNK" "UNK" "10/24/72" "Texas A&M" ""
"5540" "00-0029776" "C.Henderson" "Cam" "Henderson" "UNK" "UNK" "6/2/90" "Central Florida" ""
"5541" "00-0031373" "M.Bryant" "Martavis" "Bryant" "PIT" "WR" "12/20/91" "Clemson" ""
"5542" "00-0031372" "B.Roby" "Bradley" "Roby" "DEN" "FS" "5/1/92" "Ohio State" ""
"5543" "00-0031371" "M.Smith" "Marcus" "Smith" "PHI" "DE" "3/31/92" "Louisville" ""
"5544" "00-0031377" "D.Bush" "Dartwan" "Bush" "UNK" "UNK" "8/17/91" "Texas Tech" ""
"5545" "00-0031376" "J.McKinnon" "Jerick" "McKinnon" "MIN" "RB" "5/3/92" "Georgia Southern" ""
"5546" "00-0031375" "T.West" "Terrance" "West" "BAL" "RB" "1/28/91" "Towson" ""
"5547" "00-0023814" "C.Bryan" "Copeland" "Bryan" "UNK" "UNK" "7/14/83" "Arizona" ""
"5548" "00-0031379" "" "Victor" "Hampton" "UNK" "UNK" "3/12/92" "South Carolina" ""
"5549" "00-0023812" "C.Allred" "Colin" "Allred" "UNK" "UNK" "4/15/83" "Baylor" ""
"5550" "00-0020139" "J.Stamer" "Josh" "Stamer" "UNK" "UNK" "10/11/77" "South Dakota" ""
"5551" "00-0020138" "R.Seubert" "Rich" "Seubert" "UNK" "UNK" "3/30/79" "Western Illinois" ""
"5552" "00-0028446" "J.Portis" "Josh" "Portis" "UNK" "UNK" "7/14/87" "California (PA)" ""
"5553" "00-0028165" "S.McKnight" "Scotty" "McKnight" "UNK" "UNK" "2/11/88" "Colorado" ""
"5554" "00-0027952" "R.Quinn" "Robert" "Quinn" "UNK" "UNK" "5/18/90" "North Carolina" ""
"5555" "00-0027953" "M.Pouncey" "Mike" "Pouncey" "MIA" "C" "7/24/89" "Florida" ""
"5556" "00-0027954" "R.Kerrigan" "Ryan" "Kerrigan" "WAS" "OLB" "8/16/88" "Purdue" ""
"5557" "00-0031761" "" "Darryl" "Baldwin" "DAL" "T" "10/6/91" "Ohio State" ""
"5558" "00-0031762" "" "Brennen" "Beyer" "BAL" "LB" "11/25/92" "Michigan" ""
"5559" "00-0031763" "" "DeAndre" "Carter" "NE" "WR" "4/10/93" "Sacramento State" ""
"5560" "00-0031764" "" "Blaine" "Clausell" "BAL" "T" "1/31/92" "Mississippi State" ""
"5561" "00-0031765" "" "Nick" "Easton" "MIN" "C" "6/16/92" "Harvard" ""
"5562" "00-0031766" "" "Kaleb" "Johnson" "CLE" "OL" "2/22/93" "Rutgers" ""
"5563" "00-0031768" "" "Terrence" "Magee" "UNK" "UNK" "3/16/93" "LSU" ""
"5564" "00-0026809" "D.Hill" "Darius" "Hill" "UNK" "UNK" "8/26/85" "Ball State" ""
"5565" "00-0026800" "T.Verdell" "Toddrick" "Verdell" "UNK" "UNK" "11/21/85" "Florida State" ""
"5566" "00-0026802" "J.Leonard" "Josh" "Leonard" "UNK" "UNK" "7/22/87" "Hawaii" ""
"5567" "00-0026804" "R.Purvis" "Ryan" "Purvis" "UNK" "UNK" "5/8/86" "Boston College" ""
"5568" "00-0026806" "J.Buie" "Jarriett" "Buie" "UNK" "UNK" "9/7/85" "South Florida" ""
"5569" "00-0024099" "R.Gibbons" "Ryan" "Gibbons" "UNK" "UNK" "3/13/83" "Northeastern" ""
"5570" "00-0024095" "A.Madison" "Anthony" "Madison" "UNK" "UNK" "10/8/81" "Alabama" ""
"5571" "00-0024097" "J.Fudge" "Jamaal" "Fudge" "UNK" "UNK" "5/17/83" "Clemson" ""
"5572" "00-0022074" "G.Foster" "George" "Foster" "UNK" "UNK" "6/9/80" "Georgia" ""
"5573" "00-0022077" "N.Asomugha" "Nnamdi" "Asomugha" "UNK" "UNK" "7/6/81" "California" ""
"5574" "00-0022073" "K.Williams" "Kevin" "Williams" "UNK" "UNK" "8/16/80" "Oklahoma State" ""
"5575" "00-0022078" "J.Stinchcomb" "Jonathan" "Stinchcomb" "UNK" "UNK" "8/27/79" "Georgia" ""
"5576" "00-0028747" "M.Tatum" "Malcolm" "Tatum" "UNK" "UNK" "3/25/89" "Louisville" ""
"5577" "00-0026945" "E.Biggers" "E.J." "Biggers" "UNK" "UNK" "6/13/87" "Western Michigan" ""
"5578" "00-0029419" "D.Kelly" "Dennis" "Kelly" "TEN" "OT" "1/16/90" "Purdue" ""
"5579" "00-0026943" "P.Fanaika" "Paul" "Fanaika" "UNK" "UNK" "4/9/86" "Arizona State" ""
"5580" "00-0029412" "V.Curry" "Vinny" "Curry" "PHI" "DE" "6/30/88" "Marshall" ""
"5581" "00-0029411" "P.Konz" "Peter" "Konz" "UNK" "UNK" "12/20/89" "Wisconsin" ""
"5582" "00-0029410" "T.Wilson" "Tavon" "Wilson" "DET" "DB" "3/19/90" "Illinois" ""
"5583" "00-0029417" "J.Crick" "Jared" "Crick" "DEN" "DE" "8/21/89" "Nebraska" ""
"5584" "00-0029416" "B.Boykin" "Brandon" "Boykin" "CHI" "DB" "7/13/90" "Georgia" ""
"5585" "00-0029415" "K.Martin" "Keshawn" "Martin" "NE" "WR" "3/15/90" "Michigan State" ""
"5586" "00-0029414" "O.Charles" "Orson" "Charles" "DET" "TE" "1/27/91" "Georgia" ""
"5587" "00-0028740" "U.Chinasa" "Ugo" "Chinasa" "UNK" "UNK" "7/30/88" "Oklahoma State" ""
"5588" "00-0025764" "J.Corto" "Jon" "Corto" "UNK" "UNK" "9/3/84" "Sacred Heart" ""
"5589" "00-0025761" "R.Turner" "Robert" "Turner" "UNK" "UNK" "8/20/84" "New Mexico" ""
"5590" "00-0022388" "T.Copper" "Terrance" "Copper" "UNK" "UNK" "3/12/82" "East Carolina" ""
"5591" "00-0022387" "S.Cargile" "Steve" "Cargile" "UNK" "UNK" "6/2/82" "Columbia" ""
"5592" "00-0026498" "M.Stafford" "Matthew" "Stafford" "DET" "QB" "2/7/88" "Georgia" ""
"5593" "00-0027047" "D.Cox" "Derek" "Cox" "UNK" "UNK" "9/22/86" "William & Mary" ""
"5594" "00-0027044" "M.Johnson" "Michael" "Johnson" "CIN" "DE" "2/7/87" "Georgia Tech" ""
"5595" "00-0027045" "M.Shaughnessy" "Matt" "Shaughnessy" "UNK" "UNK" "9/23/86" "Wisconsin" ""
"5596" "00-0026499" "S.McKillop" "Scott" "McKillop" "UNK" "UNK" "3/4/86" "Pittsburgh" ""
"5597" "00-0026497" "T.Nunn" "Terrence" "Nunn" "UNK" "UNK" "7/25/86" "Nebraska" ""
"5598" "00-0026492" "E.Bright" "Eugene" "Bright" "UNK" "UNK" "4/18/85" "Purdue" ""
"5599" "00-0026493" "T.Purdum" "Tanner" "Purdum" "NYJ" "LS" "8/15/84" "Baker" ""
"5600" "00-0026491" "S.Logan" "Stefan" "Logan" "UNK" "UNK" "6/2/81" "South Dakota" ""
"5601" "00-0030411" "L.Ryan" "Logan" "Ryan" "NE" "CB" "2/9/91" "Rutgers" ""
"5602" "00-0030410" "J.Gay" "Jordan" "Gay" "UNK" "UNK" "3/29/90" "Centre" ""
"5603" "00-0030413" "T.Williams" "Trevardo" "Williams" "UNK" "UNK" "12/31/90" "Connecticut" ""
"5604" "00-0030412" "S.Thomas" "Shamarko" "Thomas" "PIT" "SS" "2/23/91" "Syracuse" ""
"5605" "00-0030415" "J.Jamison" "Jawan" "Jamison" "UNK" "UNK" "11/23/91" "Rutgers" ""
"5606" "00-0030414" "S.Ware" "Spencer" "Ware" "KC" "RB" "11/23/91" "LSU" ""
"5607" "00-0030416" "A.Helmick" "Andrew" "Helmick" "UNK" "UNK" "9/2/90" "Lindenwood" ""
"5608" "00-0030419" "M.McGloin" "Matt" "McGloin" "OAK" "QB" "12/2/89" "Penn State" ""
"5609" "00-0032549" "" "Alex" "Redmond" "CIN" "OG" "1/18/95" "UCLA" ""
"5610" "00-0023384" "Z.Keasey" "Zak" "Keasey" "UNK" "UNK" "3/19/82" "Princeton" ""
"5611" "00-0027548" "B.Johnson" "Brett" "Johnson" "UNK" "UNK" "2/27/87" "California" ""
"5612" "00-0032541" "" "Alex" "Cooper" "CIN" "OG" "12/18/91" "Houston" ""
"5613" "00-0027542" "C.Howard" "Cord" "Howard" "UNK" "UNK" "7/2/87" "Georgia Tech" ""
"5614" "00-0032543" "" "Alex" "Erickson" "CIN" "WR" "11/6/92" "Wisconsin" ""
"5615" "00-0032542" "" "David" "Dean" "CIN" "DT" "2/16/93" "Virginia" ""
"5616" "00-0027547" "M.Sherels" "Marcus" "Sherels" "MIN" "CB" "9/30/87" "Minnesota" ""
"5617" "00-0027546" "C.McKinley" "Cedric" "McKinley" "UNK" "UNK" "5/26/87" "Minnesota" ""
"5618" "00-0032546" "" "Darius" "Hillary" "CIN" "CB" "4/5/93" "Wisconsin" ""
"5619" "00-0026238" "T.DeCoud" "Thomas" "DeCoud" "UNK" "UNK" "3/19/85" "California" ""
"5620" "00-0026239" "O.Cousins" "Oniel" "Cousins" "UNK" "UNK" "6/29/84" "Texas-El Paso" ""
"5621" "00-0026232" "C.Avril" "Cliff" "Avril" "SEA" "DE" "4/8/86" "Purdue" ""
"5622" "00-0026233" "P.Wheeler" "Philip" "Wheeler" "ATL" "OLB" "12/12/84" "Georgia Tech" ""
"5623" "00-0026230" "M.Harrison" "Marcus" "Harrison" "UNK" "UNK" "7/10/84" "Arkansas" ""
"5624" "00-0026231" "J.Finley" "Jermichael" "Finley" "UNK" "UNK" "3/26/87" "Texas" ""
"5625" "00-0026236" "C.Rinehart" "Chad" "Rinehart" "UNK" "UNK" "5/4/85" "Northern Iowa" ""
"5626" "00-0026237" "A.Caldwell" "Andre" "Caldwell" "UNK" "UNK" "4/15/85" "Florida" ""
"5627" "00-0027725" "C.Harbor" "Clay" "Harbor" "NE" "TE" "7/2/87" "Missouri State" ""
"5628" "00-0027723" "A.Woods" "Al" "Woods" "TEN" "NT" "3/25/87" "LSU" ""
"5629" "00-0027722" "M.Kafka" "Mike" "Kafka" "UNK" "UNK" "7/25/87" "Northwestern" ""
"5630" "00-0027721" "K.Clayton" "Keenan" "Clayton" "UNK" "UNK" "6/19/87" "Oklahoma" ""
"5631" "00-0027720" "G.Atkins" "Geno" "Atkins" "CIN" "DT" "3/28/88" "Georgia" ""
"5632" "00-0031168" "" "Karl" "Williams" "UNK" "UNK" "7/17/90" "Utah" ""
"5633" "00-0031169" "" "Chase" "Vaughn" "UNK" "UNK" "9/4/88" "Colorado State-Pueblo" ""
"5634" "00-0031166" "S.Roberts" "Seth" "Roberts" "OAK" "WR" "2/22/91" "West Alabama" ""
"5635" "00-0027544" "B.Sharpe" "Brandon" "Sharpe" "UNK" "UNK" "12/11/86" "Texas Tech" ""
"5636" "00-0029418" "N.Goode" "Najee" "Goode" "PHI" "LB" "6/4/89" "West Virginia" ""
"5637" "00-0026940" "R.Harris" "Ra'Shon" "Harris" "UNK" "UNK" "8/26/86" "Oregon" ""
"5638" "00-0026941" "B.Scott" "Bernard" "Scott" "UNK" "UNK" "2/10/84" "Abilene Christian" ""
"5639" "00-0026942" "V.Walker" "Vance" "Walker" "DEN" "DE" "4/26/87" "Georgia Tech" ""
"5640" "00-0029413" "B.Jones" "Ben" "Jones" "TEN" "C" "7/2/89" "Georgia" ""
"5641" "00-0031167" "" "Scott" "Simonson" "CAR" "TE" "4/13/92" "Assumption" ""
"5642" "00-0031164" "E.Ladson" "Erle" "Ladson" "UNK" "UNK" "11/27/91" "Delaware" ""
"5643" "00-0031165" "J.Murphy" "Jake" "Murphy" "UNK" "UNK" "9/21/89" "Utah" ""
"5644" "00-0031163" "" "Danny" "Kistler" "UNK" "UNK" "3/30/91" "Montana" ""
"5645" "00-0031160" "M.Davis" "Mike" "Davis" "UNK" "UNK" "5/11/92" "Texas" ""
"5646" "00-0031161" "C.Fields" "Carlos" "Fields" "WAS" "LB" "10/3/90" "Winston-Salem State" ""
"5647" "00-0032156" "" "Trevor" "Siemian" "DEN" "QB" "12/26/91" "Northwestern" ""
"5648" "00-0032157" "" "Taurean" "Nixon" "DEN" "DB" "2/7/91" "Tulane" ""
"5649" "00-0032154" "" "Michael" "Bennett" "UNK" "UNK" "2/24/93" "Ohio State" ""
"5650" "00-0032155" "" "Laurence" "Gibson" "ATL" "OT" "3/19/91" "Virginia Tech" ""
"5651" "00-0032152" "" "Karlos" "Williams" "UNK" "UNK" "5/4/93" "Florida State" ""
"5652" "00-0032153" "" "Max" "Valles" "BUF" "DE" "8/5/94" "Virginia" ""
"5653" "00-0032150" "" "Steven" "Nelson" "KC" "CB" "1/22/93" "Oregon State" ""
"5654" "00-0032151" "" "Jon" "Feliciano" "OAK" "OG" "2/10/92" "Miami (Fla.)" ""
"5655" "00-0007835" "D.Huard" "Damon" "Huard" "UNK" "UNK" "7/9/73" "Washington" ""
"5656" "00-0029309" "D.Tyson" "DeAngelo" "Tyson" "UNK" "UNK" "4/12/89" "Georgia" ""
"5657" "00-0024565" "Q.Culberson" "Quinton" "Culberson" "UNK" "UNK" "10/21/85" "Mississippi State" ""
"5658" "00-0024566" "S.Daniels" "Stanley" "Daniels" "UNK" "UNK" "11/30/84" "Washington" ""
"5659" "00-0024561" "M.Mason" "Marcus" "Mason" "UNK" "UNK" "6/23/84" "Youngstown State" ""
"5660" "00-0032950" "" "Carson" "Wentz" "PHI" "QB" "12/30/92" "North Dakota State" ""
"5661" "00-0010072" "R.Longwell" "Ryan" "Longwell" "UNK" "UNK" "8/16/74" "California" ""
"5662" "00-0013255" "P.Prioleau" "Pierson" "Prioleau" "UNK" "UNK" "8/6/77" "Virginia Tech" ""
"5663" "00-0022805" "R.Starks" "Randy" "Starks" "UNK" "UNK" "12/14/83" "Maryland" ""
"5664" "00-0022804" "N.Hardwick" "Nick" "Hardwick" "UNK" "UNK" "9/2/81" "Purdue" ""
"5665" "00-0022807" "B.Berrian" "Bernard" "Berrian" "UNK" "UNK" "12/27/80" "Fresno State" ""
"5666" "00-0022806" "T.Anderson" "Tim" "Anderson" "UNK" "UNK" "11/22/80" "Ohio State" ""
"5667" "00-0022803" "E.Manning" "Eli" "Manning" "NYG" "QB" "1/3/81" "Mississippi" ""
"5668" "00-0022808" "S.Peterman" "Stephen" "Peterman" "UNK" "UNK" "1/11/82" "LSU" ""
"5669" "00-0032484" "" "Vontarrius" "Dora" "DEN" "LB" "9/7/92" "Louisiana Tech" ""
"5670" "00-0030781" "" "Trey" "Hopkins" "CIN" "G" "7/6/92" "Texas" ""
"5671" "00-0030780" "R.Hewitt" "Ryan" "Hewitt" "CIN" "TE" "1/24/91" "Stanford" ""
"5672" "00-0030789" "A.Andrews" "Antonio" "Andrews" "TEN" "RB" "8/17/92" "Western Kentucky" ""
"5673" "00-0026234" "K.O'Connell" "Kevin" "O'Connell" "UNK" "UNK" "5/25/85" "San Diego State" ""
"5674" "00-0026235" "M.Manningham" "Mario" "Manningham" "UNK" "UNK" "5/25/86" "Michigan" ""
"5675" "00-0023034" "M.McChesney" "Matt" "McChesney" "UNK" "UNK" "11/6/81" "Colorado" ""
"5676" "00-0027729" "J.McClendon" "Jacques" "McClendon" "UNK" "UNK" "12/10/87" "Tennessee" ""
"5677" "00-0027728" "J.Fox" "Jason" "Fox" "UNK" "UNK" "5/2/88" "Miami (Fla.)" ""
"5678" "00-0027727" "E.Wilson" "E.J." "Wilson" "UNK" "UNK" "10/28/87" "North Carolina" ""
"5679" "00-0027726" "A.Owusu-Ansah" "Akwasi" "Owusu-Ansah" "UNK" "UNK" "4/10/88" "Indiana (PA)" ""
"5680" "00-0027724" "E.Norwood" "Eric" "Norwood" "UNK" "UNK" "5/24/88" "South Carolina" ""
"5681" "00-0032485" "" "Elie" "Bouka" "ARI" "DB" "8/15/92" "Calgary" ""
"5682" "00-0032486" "" "Kameron" "Canaday" "ARI" "LS" "8/20/93" "Portland State" ""
"5683" "00-0019640" "C.Samuels" "Chris" "Samuels" "UNK" "UNK" "7/28/77" "Alabama" ""
"5684" "00-0019642" "P.Burress" "Plaxico" "Burress" "UNK" "UNK" "8/12/77" "Michigan State" ""
"5685" "00-0019645" "D.O'Neal" "Deltha" "O'Neal" "UNK" "UNK" "1/30/77" "California" ""
"5686" "00-0019646" "S.Janikowski" "Sebastian" "Janikowski" "OAK" "K" "3/2/78" "Florida State" ""
"5687" "00-0032487" "" "Amir" "Carlisle" "UNK" "UNK" "9/24/92" "Notre Dame" ""
"5688" "00-0019648" "K.Bulluck" "Keith" "Bulluck" "UNK" "UNK" "4/4/77" "Syracuse" ""
"5689" "00-0004915" "B.Engram" "Bobby" "Engram" "UNK" "UNK" "1/7/73" "Penn State" ""
"5690" "00-0028739" "K.Burney" "Kendric" "Burney" "UNK" "UNK" "2/14/88" "North Carolina" ""
"5691" "00-0028738" "B.Bell" "Byron" "Bell" "TEN" "OT" "1/17/89" "New Mexico" ""
"5692" "00-0032480" "" "Eddie" "Yarbrough" "DEN" "LB" "4/24/93" "Wyoming" ""
"5693" "00-0020422" "C.Cooper" "Chris" "Cooper" "UNK" "UNK" "2/27/77" "Nebraska-Omaha" ""
"5694" "00-0028735" "A.Nichols" "Aaron" "Nichols" "UNK" "UNK" "3/20/88" "Oregon State" ""
"5695" "00-0028734" "F.Warren" "Frank" "Warren" "UNK" "UNK" "4/18/89" "Grambling State" ""
"5696" "00-0028736" "W.Powell" "William" "Powell" "UNK" "UNK" "3/9/88" "Kansas State" ""
"5697" "00-0028731" "D.Young" "D.J." "Young" "UNK" "UNK" "1/26/88" "Michigan State" ""
"5698" "00-0027087" "B.Williams" "Brandon" "Williams" "UNK" "UNK" "6/21/88" "Texas Tech" ""
"5699" "00-0029062" "F.Trotter" "Frank" "Trotter" "UNK" "UNK" "1/17/90" "Memphis" ""
"5700" "00-0032475" "" "Tanner" "McEvoy" "SEA" "DB" "1/26/93" "Wisconsin" ""
"5701" "00-0029060" "J.Schaffer" "J.K." "Schaffer" "UNK" "UNK" "6/10/90" "Cincinnati" ""
"5702" "00-0029061" "J.Stanford" "Julian" "Stanford" "NYJ" "LB" "9/2/90" "Wagner" ""
"5703" "00-0029066" "T.Robinson" "Trevor" "Robinson" "UNK" "UNK" "5/16/90" "Notre Dame" ""
"5704" "00-0029067" "C.Baker" "Chase" "Baker" "UNK" "UNK" "5/21/88" "Boise State" ""
"5705" "00-0029065" "J.Bademosi" "Johnson" "Bademosi" "DET" "DB" "7/23/90" "Stanford" ""
"5706" "00-0029068" "D.Coleman" "Derrick" "Coleman" "UNK" "UNK" "10/18/90" "UCLA" ""
"5707" "00-0027085" "C.Vaughn" "Chip" "Vaughn" "UNK" "UNK" "10/26/85" "Wake Forest" ""
"5708" "00-0030783" "" "Colin" "Lockett" "UNK" "UNK" "4/5/91" "San Diego State" ""
"5709" "00-0030782" "" "Isaiah" "Lewis" "UNK" "UNK" "10/30/91" "Michigan State" ""
"5710" "00-0030785" "" "Nikita" "Whitlock" "NYG" "FB" "5/16/91" "Wake Forest" ""
"5711" "00-0024158" "J.Davis" "Jason" "Davis" "UNK" "UNK" "11/2/83" "Illinois" ""
"5712" "00-0030787" "" "Derrick" "Hopkins" "UNK" "UNK" "12/16/91" "Virginia Tech" ""
"5713" "00-0030786" "J.Wilder" "James Jr." "Wilder" "BUF" "RB" "4/14/92" "Florida State" ""
"5714" "00-0030788" "R.Anderson" "Ri'Shard" "Anderson" "UNK" "UNK" "4/3/91" "Syracuse" ""
"5715" "00-0024157" "T.Daniels" "Torrance" "Daniels" "UNK" "UNK" "12/27/81" "Harding" ""
"5716" "00-0003739" "D.Culpepper" "Daunte" "Culpepper" "UNK" "UNK" "1/28/77" "Central Florida" ""
"5717" "00-0019641" "T.Jones" "Thomas" "Jones" "UNK" "UNK" "8/19/78" "Virginia" ""
"5718" "00-0027435" "N.McDonald" "Nick" "McDonald" "UNK" "UNK" "6/27/87" "Grand Valley State" ""
"5719" "00-0027925" "J.Develin" "James" "Develin" "NE" "FB" "7/23/88" "Brown" ""
"5720" "00-0027432" "C.Campbell" "Chris" "Campbell" "UNK" "UNK" "9/22/86" "Eastern Illinois" ""
"5721" "00-0025570" "K.Studdard" "Kasey" "Studdard" "UNK" "UNK" "7/1/84" "Texas" ""
"5722" "00-0025571" "J.Wendling" "John" "Wendling" "UNK" "UNK" "6/4/83" "Wyoming" ""
"5723" "00-0025572" "T.Lewis" "Trey" "Lewis" "UNK" "UNK" "5/23/85" "Washburn" ""
"5724" "00-0025573" "T.Clayton" "Thomas" "Clayton" "UNK" "UNK" "4/26/84" "Kansas State" ""
"5725" "00-0025574" "M.Toeaina" "Matt" "Toeaina" "UNK" "UNK" "10/9/84" "Oregon" ""
"5726" "00-0025576" "A.Koets" "Adam" "Koets" "UNK" "UNK" "1/7/84" "Oregon State" ""
"5727" "00-0025578" "K.Hall" "Korey" "Hall" "UNK" "UNK" "8/5/83" "Boise State" ""
"5728" "00-0025579" "D.Bishop" "Desmond" "Bishop" "UNK" "UNK" "7/24/84" "California" ""
"5729" "00-0032979" "" "Scooby" "Wright" "CLE" "ILB" "8/28/94" "Arizona" ""
"5730" "00-0029604" "K.Cousins" "Kirk" "Cousins" "WAS" "QB" "8/19/88" "Michigan State" ""
"5731" "00-0029601" "B.Bostick" "Brandon" "Bostick" "NYJ" "TE" "5/3/89" "Newberry" ""
"5732" "00-0032970" "" "Jordan" "Jenkins" "NYJ" "OLB" "7/1/94" "Georgia" ""
"5733" "00-0032971" "" "Justin" "Simmons" "DEN" "FS" "11/19/93" "Boston College" ""
"5734" "00-0032972" "" "Devontae" "Booker" "DEN" "RB" "5/27/92" "Utah" ""
"5735" "00-0032973" "" "Zack" "Sanchez" "CAR" "CB" "10/11/93" "Oklahoma" ""
"5736" "00-0032974" "" "Jordan" "Payton" "CLE" "WR" "9/1/93" "UCLA" ""
"5737" "00-0032975" "" "Jonathan" "Williams" "BUF" "RB" "2/2/94" "Arkansas" ""
"5738" "00-0029609" "P.Blake" "Philip" "Blake" "UNK" "UNK" "11/27/85" "Baylor" ""
"5739" "00-0031959" "" "Marcus" "Murphy" "NO" "RB" "10/3/91" "Missouri" ""
"5740" "00-0031958" "" "Austin" "Reiter" "WAS" "C" "11/27/91" "South Florida" ""
"5741" "00-0031957" "" "Rakeem" "Nunez-Roches" "KC" "DT" "7/3/93" "Southern Mississippi" ""
"5742" "00-0029607" "D.Davis" "Demario" "Davis" "CLE" "LB" "1/11/89" "Arkansas State" ""
"5743" "00-0029606" "H.Smith" "Harrison" "Smith" "MIN" "FS" "2/2/89" "Notre Dame" ""
"5744" "00-0029605" "I.Green" "Isaiah" "Green" "UNK" "UNK" "8/10/89" "Fresno State" ""
"5745" "00-0029602" "G.Crump" "Gino" "Crump" "UNK" "UNK" "8/8/88" "Arizona" ""
"5746" "00-0029600" "A.Branch" "Andre" "Branch" "MIA" "DE" "7/14/89" "Clemson" ""
"5747" "00-0029608" "T.Hilton" "T.Y." "Hilton" "IND" "WR" "11/14/89" "Florida International" ""
"5748" "00-0031956" "" "Anthony" "Chickillo" "PIT" "LB" "12/10/92" "Miami (Fla.)" ""
"5749" "00-0031955" "" "Charles" "Gaines" "CLE" "CB" "10/3/92" "Louisville" ""
"5750" "00-0031954" "" "Evan" "Spencer" "TB" "WR" "5/26/93" "Ohio State" ""
"5751" "00-0031953" "" "Geremy" "Davis" "NYG" "WR" "1/10/92" "Connecticut" ""
"5752" "00-0031952" "" "Kyshoen" "Jarrett" "UNK" "UNK" "5/4/93" "Virginia Tech" ""
"5753" "00-0031951" "" "James" "O'Shaughnessy" "KC" "TE" "1/14/92" "Illinois State" ""
"5754" "00-0031950" "" "D.J." "Alexander" "KC" "LB" "9/30/91" "Oregon State" ""
"5755" "00-0025540" "K.Boss" "Kevin" "Boss" "UNK" "UNK" "1/11/84" "Western Oregon" ""
"5756" "00-0029046" "R.Steed" "Ryan" "Steed" "UNK" "UNK" "7/21/90" "Furman" ""
"5757" "00-0029343" "L.Byrd" "LaRon" "Byrd" "CAR" "WR" "8/18/89" "Miami (Fla.)" ""
"5758" "00-0022247" "M.Adams" "Mike" "Adams" "IND" "SS" "3/24/81" "Delaware" ""
"5759" "00-0022245" "T.Clabo" "Tyson" "Clabo" "UNK" "UNK" "10/17/81" "Wake Forest" ""
"5760" "00-0026001" "T.Brown" "Titus" "Brown" "UNK" "UNK" "3/27/86" "Mississippi State" ""
"5761" "00-0026000" "D.Bess" "Davone" "Bess" "UNK" "UNK" "9/13/85" "Hawaii" ""
"5762" "00-0026003" "D.Carpenter" "Dan" "Carpenter" "BUF" "K" "11/25/85" "Montana" ""
"5763" "00-0026004" "J.Foster" "Jayson" "Foster" "UNK" "UNK" "7/22/85" "Georgia Southern" ""
"5764" "00-0026008" "M.Mulligan" "Matthew" "Mulligan" "UNK" "UNK" "1/18/85" "Maine" ""
"5765" "00-0024714" "E.Jones" "Edgar" "Jones" "UNK" "UNK" "12/1/84" "Southeast Missouri State" ""
"5766" "00-0023503" "C.Roby" "Courtney" "Roby" "UNK" "UNK" "1/10/83" "Indiana" ""
"5767" "00-0023502" "C.Frye" "Charlie" "Frye" "UNK" "UNK" "8/28/81" "Akron" ""
"5768" "00-0023501" "O.Atogwe" "Oshiomogho" "Atogwe" "UNK" "UNK" "6/23/81" "Stanford" ""
"5769" "00-0033142" "" "T.J." "Thorpe" "WAS" "WR" "5/26/93" "Virginia" ""
"5770" "00-0033143" "" "Kendal" "Thompson" "WAS" "WR" "5/14/92" "Utah" ""
"5771" "00-0033140" "" "Darnell" "Sankey" "UNK" "UNK" "10/11/94" "Sacramento State" ""
"5772" "00-0033141" "" "Rashaun" "Simonise" "CIN" "WR" "5/31/95" "Calgary" ""
"5773" "00-0033146" "" "David" "Watford" "PHI" "WR" "6/16/93" "Hampton" ""
"5774" "00-0033147" "" "Darron" "Lee" "NYJ" "OLB" "10/18/94" "Ohio State" ""
"5775" "00-0033144" "" "Jack" "Gangwish" "UNK" "UNK" "1/6/93" "Nebraska" ""
"5776" "00-0033148" "" "Harvey" "Binford" "UNK" "UNK" "1/20/91" "Lindenwood" ""
"5777" "00-0023506" "Al.Smith" "Alex" "Smith" "UNK" "UNK" "5/22/82" "Stanford" ""
"5778" "00-0023505" "C.Crowder" "Channing" "Crowder" "UNK" "UNK" "12/2/83" "Florida" ""
"5779" "00-0023504" "A.Walter" "Andrew" "Walter" "UNK" "UNK" "5/11/82" "Arizona State" ""
"5780" "00-0032712" "" "Boston" "Stiverson" "DAL" "OG" "10/8/92" "Kansas State" ""
"5781" "00-0032713" "" "Kevin" "Anderson" "PIT" "LB" "4/5/93" "Stanford" ""
"5782" "00-0032718" "" "Jason" "Fanaika" "UNK" "UNK" "6/17/92" "Utah" ""
"5783" "00-0032719" "" "Lenny" "Jones" "UNK" "UNK" "8/8/91" "Nevada" ""
"5784" "00-0020873" "Ba.Scott" "Bart" "Scott" "UNK" "UNK" "8/18/80" "Southern Illinois" ""
"5785" "00-0027068" "T.McKenzie" "Tyrone" "McKenzie" "UNK" "UNK" "12/11/85" "South Florida" ""
"5786" "00-0027069" "C.Coffman" "Chase" "Coffman" "IND" "TE" "11/10/86" "Missouri" ""
"5787" "00-0027060" "L.Webb" "Lardarius" "Webb" "BAL" "CB" "10/12/85" "Nicholls State" ""
"5788" "00-0027061" "J.Cook" "Jared" "Cook" "GB" "TE" "4/7/87" "South Carolina" ""
"5789" "00-0027062" "C.Owens" "Chris" "Owens" "UNK" "UNK" "12/1/86" "San Jose State" ""
"5790" "00-0027063" "Deon Butler" "Deon" "Butler" "UNK" "UNK" "1/4/86" "Penn State" ""
"5791" "00-0027064" "J.Powers" "Jerraud" "Powers" "BAL" "DB" "7/19/87" "Auburn" ""
"5792" "00-0027065" "C.Irvin" "Corvey" "Irvin" "UNK" "UNK" "5/3/85" "Georgia" ""
"5793" "00-0027066" "R.Mouton" "Ryan" "Mouton" "UNK" "UNK" "9/23/86" "Hawaii" ""
"5794" "00-0027067" "R.Johnson" "Rashad" "Johnson" "TEN" "DB" "1/2/86" "Alabama" ""
"5795" "00-0031315" "M.Hazel" "Matt" "Hazel" "UNK" "UNK" "1/23/92" "Coastal Carolina" ""
"5796" "00-0031314" "" "Wesley" "Johnson" "NYJ" "OG" "1/9/91" "Vanderbilt" ""
"5797" "00-0031317" "T.Fede" "Terrence" "Fede" "MIA" "DE" "11/19/91" "Marist" ""
"5798" "00-0031316" "J.Zumwalt" "Jordan" "Zumwalt" "UNK" "UNK" "10/13/91" "UCLA" ""
"5799" "00-0031311" "" "Cyril" "Richardson" "BUF" "G" "12/27/90" "Baylor" ""
"5800" "00-0023832" "S.Havner" "Spencer" "Havner" "UNK" "UNK" "2/2/83" "UCLA" ""
"5801" "00-0031313" "J.Tripp" "Jordie" "Tripp" "UNK" "UNK" "4/3/91" "Montana" ""
"5802" "00-0031312" "E.Reynolds" "Ed" "Reynolds" "PHI" "DB" "10/18/91" "Stanford" ""
"5803" "00-0023529" "A.Snyder" "Adam" "Snyder" "UNK" "UNK" "1/30/82" "Oregon" ""
"5804" "00-0023528" "T.Essex" "Trai" "Essex" "UNK" "UNK" "12/5/82" "Northwestern" ""
"5805" "00-0031318" "" "Sam" "Longo" "UNK" "UNK" "7/31/91" "Cincinnati" ""
"5806" "00-0023838" "M.Baker" "Matt" "Baker" "UNK" "UNK" "5/11/83" "North Carolina" ""
"5807" "00-0032365" "" "DeMarcus" "Ayers" "PIT" "WR" "7/7/94" "Houston" ""
"5808" "00-0032364" "" "Michael" "Cooper" "UNK" "UNK" "10/21/92" "Indiana" ""
"5809" "00-0032367" "" "Ejiro" "Ederaine" "UNK" "UNK" "11/18/93" "Fresno State" ""
"5810" "00-0032366" "" "Tyler" "Matakevich" "PIT" "OLB" "12/22/92" "Temple" ""
"5811" "00-0032361" "" "Curt" "Maggitt" "IND" "OLB" "2/4/93" "Tennessee" ""
"5812" "00-0032360" "" "Darius" "White" "UNK" "UNK" "12/12/93" "California" ""
"5813" "00-0032363" "" "Geno" "Matias-Smith" "WAS" "DB" "5/9/94" "Alabama" ""
"5814" "00-0032362" "" "Maurice" "Harris" "WAS" "WR" "11/11/92" "California" ""
"5815" "00-0032369" "" "Anthony" "Lanier" "WAS" "DE" "5/8/93" "Alabama A&M" ""
"5816" "00-0027529" "H.Coleman" "Harry" "Coleman" "UNK" "UNK" "11/10/85" "LSU" ""
"5817" "00-0030570" "R.Toma" "Robby" "Toma" "UNK" "UNK" "2/23/91" "Notre Dame" ""
"5818" "00-0009889" "R.Lewis" "Ray" "Lewis" "UNK" "UNK" "5/15/75" "Miami (Fla.)" ""
"5819" "00-0026823" "A.Field" "Alex" "Field" "UNK" "UNK" "12/23/86" "Virginia" ""
"5820" "00-0026822" "M.Evans" "Maurice" "Evans" "UNK" "UNK" "8/14/88" "Penn State" ""
"5821" "00-0030048" "C.Washington" "Cornelius" "Washington" "CHI" "DE" "9/10/89" "Georgia" ""
"5822" "00-0030049" "C.Gragg" "Chris" "Gragg" "BUF" "TE" "6/30/90" "Arkansas" ""
"5823" "00-0026826" "E.Kettani" "Eric" "Kettani" "UNK" "UNK" "3/26/87" "Navy" ""
"5824" "00-0026824" "B.Johnson" "Bruce" "Johnson" "UNK" "UNK" "12/18/87" "Miami (Fla.)" ""
"5825" "00-0030043" "D.Rogers" "Da'Rick" "Rogers" "UNK" "UNK" "6/18/91" "Tennessee Tech" ""
"5826" "00-0030040" "B.Kaufman" "Brandon" "Kaufman" "UNK" "UNK" "10/26/90" "Eastern Washington" ""
"5827" "00-0030041" "N.Robey" "Nickell" "Robey" "BUF" "DB" "1/17/92" "USC" ""
"5828" "00-0030046" "J.Mills" "Jordan" "Mills" "BUF" "OT" "12/24/90" "Louisiana Tech" ""
"5829" "00-0030047" "M.Wilson" "Marquess" "Wilson" "CHI" "WR" "9/14/92" "Washington State" ""
"5830" "00-0030044" "D.Smith" "Drew" "Smith" "UNK" "UNK" "4/12/90" "Albany" ""
"5831" "00-0030045" "D.Harper" "D.J." "Harper" "UNK" "UNK" "9/21/89" "Boise State" ""
"5832" "00-0028078" "G.Miller" "Gabe" "Miller" "UNK" "UNK" "12/5/87" "Oregon State" ""
"5833" "00-0028079" "D.Williams" "D.J." "Williams" "UNK" "UNK" "9/10/88" "Arkansas" ""
"5834" "00-0022019" "D.Koppen" "Dan" "Koppen" "UNK" "UNK" "9/12/79" "Boston College" ""
"5835" "00-0028072" "R.Sands" "Robert" "Sands" "UNK" "UNK" "11/3/89" "West Virginia" ""
"5836" "00-0028073" "R.Stanzi" "Ricky" "Stanzi" "UNK" "UNK" "9/3/87" "Iowa" ""
"5837" "00-0028070" "K.Pilares" "Kealoha" "Pilares" "UNK" "UNK" "2/20/88" "Hawaii" ""
"5838" "00-0028071" "J.White" "Johnny" "White" "UNK" "UNK" "2/3/88" "North Carolina" ""
"5839" "00-0028076" "M.Cannon" "Marcus" "Cannon" "NE" "OT" "5/6/88" "Texas Christian" ""
"5840" "00-0028077" "B.Burton" "Brandon" "Burton" "UNK" "UNK" "7/31/89" "Utah" ""
"5841" "00-0028074" "A.Sherman" "Anthony" "Sherman" "KC" "FB" "12/11/88" "Connecticut" ""
"5842" "00-0028075" "B.Skrine" "Buster" "Skrine" "NYJ" "DB" "4/26/89" "Tennessee-Chattanooga" ""
"5843" "00-0026928" "M.Trent" "Morgan" "Trent" "UNK" "UNK" "12/14/85" "Michigan" ""
"5844" "00-0026929" "A.Gardner" "Andrew" "Gardner" "UNK" "UNK" "4/4/86" "Georgia Tech" ""
"5845" "00-0026926" "F.Summers" "Frank" "Summers" "UNK" "UNK" "9/6/85" "Nevada-Las Vegas" ""
"5846" "00-0026927" "M.Teel" "Mike" "Teel" "UNK" "UNK" "1/6/86" "Rutgers" ""
"5847" "00-0026924" "H.Johnson" "Herman" "Johnson" "UNK" "UNK" "1/29/85" "LSU" ""
"5848" "00-0026925" "J.Burnett" "Joe" "Burnett" "UNK" "UNK" "11/28/86" "Central Florida" ""
"5849" "00-0029249" "M.Ingram" "Melvin" "Ingram" "SD" "OLB" "4/26/89" "South Carolina" ""
"5850" "00-0029246" "B.Broughton" "Braylon" "Broughton" "UNK" "UNK" "12/25/87" "Texas Christian" ""
"5851" "00-0027745" "C.Thomas" "Cam" "Thomas" "UNK" "UNK" "12/12/86" "North Carolina" ""
"5852" "00-0022828" "N.Jones" "Nate" "Jones" "UNK" "UNK" "6/15/82" "Rutgers" ""
"5853" "00-0026922" "F.Tupou" "Fenuki" "Tupou" "UNK" "UNK" "5/2/85" "Oregon" ""
"5854" "00-0026923" "J.Nalbone" "John" "Nalbone" "UNK" "UNK" "5/14/86" "Monmouth (N.J.)" ""
"5855" "00-0026920" "V.Harris" "Macho" "Harris" "UNK" "UNK" "2/16/86" "Virginia Tech" ""
"5856" "00-0026921" "C.Glenn" "Cody" "Glenn" "UNK" "UNK" "10/6/86" "Nebraska" ""
"5857" "00-0029479" "E.Lamur" "Emmanuel" "Lamur" "MIN" "LB" "6/8/89" "Kansas State" ""
"5858" "00-0029478" "J.Brooks" "Jourdan" "Brooks" "UNK" "UNK" "8/22/88" "Morgan State" ""
"5859" "00-0029475" "W.Miles" "Wallace" "Miles" "UNK" "UNK" "8/1/89" "North Carolina A&T" ""
"5860" "00-0029474" "O.Merrill" "Otis" "Merrill" "UNK" "UNK" "6/6/88" "Illinois State" ""
"5861" "00-0029470" "A.McDonald" "Andrew" "McDonald" "HOU" "OL" "9/8/88" "Indiana" ""
"5862" "00-0029473" "C.Gilleylen" "Curenski" "Gilleylen" "UNK" "UNK" "3/15/89" "Nebraska" ""
"5863" "00-0030439" "" "Mark" "Harrison" "UNK" "UNK" "12/11/90" "Rutgers" ""
"5864" "00-0030433" "M.Gillislee" "Mike" "Gillislee" "BUF" "RB" "11/1/90" "Florida" ""
"5865" "00-0030432" "C.Michael" "Christine" "Michael" "SEA" "RB" "11/9/90" "Texas A&M" ""
"5866" "00-0030431" "R.Woods" "Robert" "Woods" "BUF" "WR" "4/10/92" "USC" ""
"5867" "00-0030437" "C.Larsen" "Cody" "Larsen" "UNK" "UNK" "12/31/87" "Southern Utah" ""
"5868" "00-0030436" "W.Shaw" "Will" "Shaw" "UNK" "UNK" "1/5/91" "Youngstown State" ""
"5869" "00-0030435" "" "Jeremy" "Harris" "UNK" "UNK" "4/26/91" "New Mexico State" ""
"5870" "00-0030434" "V.Williams" "Vince" "Williams" "PIT" "ILB" "12/27/89" "Florida State" ""
"5871" "00-0019456" "B.Urlacher" "Brian" "Urlacher" "UNK" "UNK" "5/25/78" "New Mexico" ""
"5872" "00-0019457" "A.Becht" "Anthony" "Becht" "UNK" "UNK" "8/8/77" "West Virginia" ""
"5873" "00-0029299" "I.Frey" "Isaiah" "Frey" "DAL" "DB" "4/6/90" "Nevada" ""
"5874" "00-0029298" "C.Gray" "Cyrus" "Gray" "UNK" "UNK" "11/18/89" "Texas A&M" ""
"5875" "00-0029291" "T.Manning" "Terrell" "Manning" "UNK" "UNK" "4/16/90" "North Carolina State" ""
"5876" "00-0029290" "" "Ryan" "Miller" "UNK" "UNK" "7/6/89" "Colorado" ""
"5877" "00-0029293" "M.Jones" "Marvin" "Jones" "DET" "WR" "3/12/90" "California" ""
"5878" "00-0029292" "" "Darius" "Fleming" "UNK" "UNK" "7/19/89" "Notre Dame" ""
"5879" "00-0029295" "J.Lane" "Jeremy" "Lane" "SEA" "CB" "7/14/90" "Northwestern State-Louisiana" ""
"5880" "00-0029294" "A.Jackson" "Asa" "Jackson" "UNK" "UNK" "12/2/89" "Cal Poly-S.L.O." ""
"5881" "00-0029297" "T.Robinson" "Trenton" "Robinson" "UNK" "UNK" "2/16/90" "Michigan State" ""
"5882" "00-0029296" "M.Asper" "Mark" "Asper" "UNK" "UNK" "11/8/85" "Oregon" ""
"5883" "00-0032562" "" "Cole" "Wick" "DET" "TE" "11/30/93" "Incarnate Word (Tex.)" ""
"5884" "00-0032561" "" "Ian" "Wells" "DET" "CB" "7/14/93" "Ohio U." ""
"5885" "00-0029712" "E.Thompson" "Everrette" "Thompson" "UNK" "UNK" "12/18/89" "Washington" ""
"5886" "00-0029713" "X.Brown" "Xavier" "Brown" "UNK" "UNK" "" "Fort Hays State" ""
"5887" "00-0029716" "J.Collins" "Joe" "Collins" "UNK" "UNK" "1/11/88" "Weber State" ""
"5888" "00-0028241" "I.Williams" "Ian" "Williams" "UNK" "UNK" "8/31/89" "Notre Dame" ""
"5889" "00-0029596" "A.Dennard" "Alfonzo" "Dennard" "UNK" "UNK" "9/9/89" "Nebraska" ""
"5890" "00-0029040" "D.Harrison" "Damon" "Harrison" "NYG" "DT" "11/29/88" "William Penn" ""
"5891" "00-0032560" "" "Charles" "Washington" "DET" "DB" "3/16/93" "Fresno State" ""
"5892" "00-0032567" "" "Anthony" "Fabiano" "UNK" "UNK" "7/13/93" "Harvard" ""
"5893" "00-0032566" "" "Trevon" "Coley" "UNK" "UNK" "7/13/94" "Florida Atlantic" ""
"5894" "00-0032565" "" "Jarell" "Broxton" "UNK" "UNK" "3/27/93" "Baylor" ""
"5895" "00-0032564" "" "Shiro" "Davis" "UNK" "UNK" "10/10/92" "Texas" ""
"5896" "00-0027525" "B.Farnham" "Buddy" "Farnham" "UNK" "UNK" "5/22/87" "Brown" ""
"5897" "00-0027524" "C.Brooks" "Chris" "Brooks" "UNK" "UNK" "2/5/87" "Nebraska" ""
"5898" "00-0032569" "" "Will" "Lutz" "UNK" "UNK" "7/7/94" "Georgia State" ""
"5899" "00-0032568" "" "Cavellis" "Luckett" "BAL" "LB" "12/6/92" "Middle Tennessee State" ""
"5900" "00-0027520" "D.Curry" "Dominique" "Curry" "UNK" "UNK" "8/16/87" "California (PA)" ""
"5901" "00-0025749" "R.Bartel" "Richard" "Bartel" "UNK" "UNK" "2/3/83" "Tarleton State" ""
"5902" "00-0020515" "R.Pickett" "Ryan" "Pickett" "UNK" "UNK" "10/8/79" "Ohio State" ""
"5903" "00-0020514" "M.Bennett" "Michael" "Bennett" "UNK" "UNK" "8/13/78" "Wisconsin" ""
"5904" "00-0025741" "A.Buzbee" "Alex" "Buzbee" "UNK" "UNK" "11/27/85" "Georgetown" ""
"5905" "00-0020516" "T.Heap" "Todd" "Heap" "UNK" "UNK" "3/16/80" "Arizona State" ""
"5906" "00-0026218" "S.Crable" "Shawn" "Crable" "UNK" "UNK" "12/26/84" "Michigan" ""
"5907" "00-0026219" "A.Molden" "Antwaun" "Molden" "UNK" "UNK" "1/23/85" "Eastern Kentucky" ""
"5908" "00-0026214" "D.Connor" "Dan" "Connor" "UNK" "UNK" "11/2/85" "Penn State" ""
"5909" "00-0026215" "R.Smith" "Reggie" "Smith" "UNK" "UNK" "9/3/86" "Oklahoma" ""
"5910" "00-0026216" "B.Cottam" "Brad" "Cottam" "UNK" "UNK" "11/28/84" "Tennessee" ""
"5911" "00-0026217" "P.Sims" "Pat" "Sims" "CIN" "DT" "11/29/85" "Auburn" ""
"5912" "00-0026210" "E.Bennett" "Earl" "Bennett" "UNK" "UNK" "3/23/87" "Vanderbilt" ""
"5913" "00-0026211" "T.Gooden" "Tavares" "Gooden" "UNK" "UNK" "10/7/84" "Miami (Fla.)" ""
"5914" "00-0026212" "C.Ellis" "Chris" "Ellis" "UNK" "UNK" "2/11/85" "Virginia Tech" ""
"5915" "00-0026213" "J.Charles" "Jamaal" "Charles" "KC" "RB" "12/27/86" "Texas" ""
"5916" "00-0027297" "A.Howard" "Austin" "Howard" "OAK" "OT" "3/22/87" "Northern Iowa" ""
"5917" "00-0027294" "Z.Duncan" "Zipp" "Duncan" "UNK" "UNK" "7/15/87" "Kentucky" ""
"5918" "00-0027292" "K.Bosworth" "Korey" "Bosworth" "UNK" "UNK" "11/21/86" "UCLA" ""
"5919" "00-0027290" "C.Vaughn" "Cassius" "Vaughn" "UNK" "UNK" "11/3/87" "Mississippi" ""
"5920" "00-0027298" "K.Jurovich" "Kevin" "Jurovich" "UNK" "UNK" "6/30/86" "San Jose State" ""
"5921" "00-0031140" "" "Anthony" "Denham" "HOU" "TE" "7/21/91" "Utah" ""
"5922" "00-0030592" "D.Milliner" "Dee" "Milliner" "NYJ" "CB" "9/14/91" "Alabama" ""
"5923" "00-0026550" "A.Trapasso" "A.J." "Trapasso" "UNK" "UNK" "2/6/86" "Ohio State" ""
"5924" "00-0030594" "T.Long" "Travis" "Long" "UNK" "UNK" "7/24/91" "Washington State" ""
"5925" "00-0030595" "T.Johnson" "Travis" "Johnson" "UNK" "UNK" "6/28/91" "San Jose State" ""
"5926" "00-0031142" "" "Matt" "Feiler" "PIT" "OT" "7/7/92" "Bloomsburg" ""
"5927" "00-0031145" "" "Travis" "Labhart" "UNK" "UNK" "1/20/91" "Texas A&M" ""
"5928" "00-0031146" "" "Terrance" "Lloyd" "UNK" "UNK" "9/9/90" "Baylor" ""
"5929" "00-0031147" "" "Chris" "Martin" "BUF" "OT" "1/4/90" "Central Florida" ""
"5930" "00-0031148" "" "Chris" "McAllister" "UNK" "UNK" "3/3/91" "Baylor" ""
"5931" "00-0031149" "" "Anthony" "McClung" "UNK" "UNK" "9/9/91" "Cincinnati" ""
"5932" "00-0032170" "" "Rashad" "Greene" "UNK" "UNK" "9/23/92" "Florida State" ""
"5933" "00-0032171" "" "Hayes" "Pullard" "UNK" "UNK" "4/18/92" "USC" ""
"5934" "00-0032174" "" "Deshon" "Foxx" "SEA" "WR" "11/27/92" "Connecticut" ""
"5935" "00-0032178" "" "Kyle" "Prater" "NO" "WR" "6/21/92" "Northwestern" ""
"5936" "00-0021484" "G.Brackett" "Gary" "Brackett" "UNK" "UNK" "5/23/80" "Rutgers" ""
"5937" "00-0032758" "" "Vernon" "Hargreaves" "TB" "CB" "6/3/95" "Florida" ""
"5938" "00-0027215" "L.Paulsen" "Logan" "Paulsen" "WAS" "TE" "2/26/87" "UCLA" ""
"5939" "00-0027214" "K.Williams" "Keiland" "Williams" "UNK" "UNK" "8/14/86" "LSU" ""
"5940" "00-0018227" "C.Woodson" "Charles" "Woodson" "UNK" "UNK" "10/7/76" "Michigan" ""
"5941" "00-0027213" "A.Russell" "Anderson" "Russell" "UNK" "UNK" "5/30/87" "Ohio State" ""
"5942" "00-0027210" "D.Harris" "Dominique" "Harris" "UNK" "UNK" "4/14/87" "Temple" ""
"5943" "00-0030231" "J.Davis" "Ja'Gared" "Davis" "UNK" "UNK" "9/11/90" "Southern Methodist" ""
"5944" "00-0030230" "A.Cruse" "Andy" "Cruse" "UNK" "UNK" "1/13/90" "Miami (Ohio)" ""
"5945" "00-0030233" "R.Graham" "Ray" "Graham" "UNK" "UNK" "9/18/90" "Pittsburgh" ""
"5946" "00-0030232" "" "Evan" "Frierson" "UNK" "UNK" "5/24/90" "Illinois State" ""
"5947" "00-0030235" "W.Jefferson" "Willie" "Jefferson" "UNK" "UNK" "1/31/91" "Stephen F. Austin St." ""
"5948" "00-0030234" "" "Travis" "Howard" "UNK" "UNK" "11/24/89" "Ohio State" ""
"5949" "00-0030237" "O.Johnson" "Orhian" "Johnson" "UNK" "UNK" "10/9/89" "Ohio State" ""
"5950" "00-0030236" "D.Johnson" "Dennis" "Johnson" "UNK" "UNK" "2/24/90" "Arkansas" ""
"5951" "00-0030239" "A.Lemon" "Alec" "Lemon" "UNK" "UNK" "7/1/91" "Syracuse" ""
"5952" "00-0030238" "A.Kupper" "Alex" "Kupper" "UNK" "UNK" "2/14/90" "Louisville" ""
"5953" "00-0030973" "" "Evan" "Wilson" "UNK" "UNK" "2/13/92" "Illinois" ""
"5954" "00-0022824" "A.Lee" "Andy" "Lee" "CAR" "P" "8/11/82" "Pittsburgh" ""
"5955" "00-0022821" "M.Turner" "Michael" "Turner" "UNK" "UNK" "2/13/82" "Northern Illinois" ""
"5956" "00-0032759" "" "Sheldon" "Rankins" "NO" "DT" "4/2/94" "Louisville" ""
"5957" "00-0030975" "A.Bayer" "Alex" "Bayer" "UNK" "UNK" "11/8/90" "Bowling Green State" ""
"5958" "00-0029710" "Z.Brown" "Zach" "Brown" "UNK" "UNK" "2/6/89" "Pittsburgh" ""
"5959" "00-0024174" "G.Holt" "Glenn" "Holt" "UNK" "UNK" "7/31/84" "Kentucky" ""
"5960" "00-0024172" "P.Cobbs" "Patrick" "Cobbs" "UNK" "UNK" "1/31/83" "North Texas" ""
"5961" "00-0024171" "W.Wright" "Wallace" "Wright" "UNK" "UNK" "2/1/84" "North Carolina" ""
"5962" "00-0027086" "S.Arnoux" "Stanley" "Arnoux" "UNK" "UNK" "9/9/86" "Wake Forest" ""
"5963" "00-0027082" "V.Martin" "Vaughn" "Martin" "UNK" "UNK" "4/18/86" "Western Ontario (Canada)" ""
"5964" "00-0027083" "D.Bruton" "David" "Bruton" "WAS" "DB" "7/23/87" "Notre Dame" ""
"5965" "00-0027080" "M.Goodson" "Mike" "Goodson" "UNK" "UNK" "5/23/87" "Texas A&M" ""
"5966" "00-0027081" "G.Quin" "Glover" "Quin" "DET" "FS" "1/15/86" "New Mexico" ""
"5967" "00-0024170" "J.Kowalewski" "Joe" "Kowalewski" "UNK" "UNK" "11/15/82" "Syracuse" ""
"5968" "00-0030068" "M.Goodwin" "Marquise" "Goodwin" "BUF" "WR" "11/19/90" "Texas" ""
"5969" "00-0030978" "A.Franklin" "Austin" "Franklin" "UNK" "UNK" "12/6/92" "New Mexico State" ""
"5970" "00-0024178" "K.Dockery" "Kevin" "Dockery" "UNK" "UNK" "1/8/84" "Mississippi State" ""
"5971" "00-0030979" "A.Hill" "Aaron" "Hill" "UNK" "UNK" "9/5/90" "Minnesota" ""
"5972" "00-0021206" "J.McCown" "Josh" "McCown" "CLE" "QB" "7/4/79" "Sam Houston State" ""
"5973" "00-0023998" "S.Gregory" "Steve" "Gregory" "UNK" "UNK" "1/8/83" "Syracuse" ""
"5974" "00-0029240" "M.Forston" "Marcus" "Forston" "UNK" "UNK" "9/28/89" "Miami (Fla.)" ""
"5975" "00-0023991" "S.Sanders" "Steve" "Sanders" "UNK" "UNK" "12/23/82" "Bowling Green State" ""
"5976" "00-0023997" "J.Murphy" "Jason" "Murphy" "UNK" "UNK" "8/7/82" "Virginia Tech" ""
"5977" "00-0030060" "K.Vaccaro" "Kenny" "Vaccaro" "NO" "SS" "2/15/91" "Texas" ""
"5978" "00-0019666" "J.St. Clair" "John St." "Clair" "UNK" "UNK" "7/15/77" "Virginia" ""
"5979" "00-0019664" "D.McIntosh" "Damion" "McIntosh" "UNK" "UNK" "3/25/77" "Kansas State" ""
"5980" "00-0028717" "D.Dunn" "Desia" "Dunn" "UNK" "UNK" "11/10/88" "Fresno State" ""
"5981" "00-0028716" "D.Curry-Chapman" "Daiveun" "Curry-Chapman" "UNK" "UNK" "5/23/88" "Northern Arizona" ""
"5982" "00-0028715" "J.Campbell" "Jared" "Campbell" "UNK" "UNK" "8/30/89" "Miami (Fla.)" ""
"5983" "00-0028242" "J.Hastings" "Joe" "Hastings" "UNK" "UNK" "5/5/87" "Washburn" ""
"5984" "00-0028713" "J.Laptad" "Jake" "Laptad" "UNK" "UNK" "7/29/88" "Kansas" ""
"5985" "00-0028246" "A.Lavarias" "Aaron" "Lavarias" "UNK" "UNK" "4/27/88" "Idaho" ""
"5986" "00-0028249" "J.Ross" "Jeremy" "Ross" "NYJ" "WR" "3/16/88" "California" ""
"5987" "00-0028719" "T.Irvin" "Tommy" "Irvin" "UNK" "UNK" "4/6/89" "Wofford" ""
"5988" "00-0028718" "D.Epperson" "Derek" "Epperson" "UNK" "UNK" "4/28/89" "Baylor" ""
"5989" "00-0029044" "D.Robinson" "Donavan" "Robinson" "UNK" "UNK" "1/19/89" "Jackson State" ""
"5990" "00-0029597" "J.Tucker" "Justin" "Tucker" "BAL" "K" "11/21/89" "Texas" ""
"5991" "00-0029594" "S.Spence" "Sean" "Spence" "TEN" "LB" "6/7/90" "Miami (Fla.)" ""
"5992" "00-0029595" "J.Kaddu" "Josh" "Kaddu" "UNK" "UNK" "3/12/90" "Oregon" ""
"5993" "00-0019599" "M.Bulger" "Marc" "Bulger" "UNK" "UNK" "4/5/77" "West Virginia" ""
"5994" "00-0029041" "G.Kinne" "G.J." "Kinne" "UNK" "UNK" "12/1/88" "Tulsa" ""
"5995" "00-0029590" "T.Thompson" "Taylor" "Thompson" "UNK" "UNK" "10/19/89" "Southern Methodist" ""
"5996" "00-0029043" "D.Lynn" "D'Anton" "Lynn" "UNK" "UNK" "10/24/89" "Penn State" ""
"5997" "00-0019596" "T.Brady" "Tom" "Brady" "NE" "QB" "8/3/77" "Michigan" ""
"5998" "00-0029048" "J.Banyard" "Joe" "Banyard" "UNK" "UNK" "11/12/88" "Texas-El Paso" ""
"5999" "00-0029049" "L.Barbiasz" "Lee" "Barbiasz" "UNK" "UNK" "7/3/88" "Northern Colorado" ""
"6000" "00-0019593" "A.Thomas" "Adalius" "Thomas" "UNK" "UNK" "8/18/77" "Southern Mississippi" ""
"6001" "00-0023500" "F.Gore" "Frank" "Gore" "IND" "RB" "5/14/83" "Miami (Fla.)" ""
"6002" "00-0029007" "A.Hamilton" "Adrian" "Hamilton" "UNK" "UNK" "11/29/87" "Prairie View A&M" ""
"6003" "00-0032993" "" "Andrew" "Bonnet" "CIN" "FB" "12/27/92" "North Dakota State" ""
"6004" "00-0032996" "" "Devon" "Johnson" "CAR" "RB" "7/28/93" "Marshall" ""
"6005" "00-0032997" "" "Jake" "McGee" "OAK" "TE" "9/19/91" "Florida" ""
"6006" "00-0032994" "" "Jeremy" "Cash" "CAR" "LB" "12/6/92" "Duke" ""
"6007" "00-0032995" "" "Keyarris" "Garrett" "CAR" "WR" "9/26/92" "Tulsa" ""
"6008" "00-0032998" "" "Jared" "Norris" "CAR" "ILB" "7/19/93" "Utah" ""
"6009" "00-0022034" "M.Haggan" "Mario" "Haggan" "UNK" "UNK" "3/3/80" "Mississippi State" ""
"6010" "00-0028054" "C.Matthews" "Casey" "Matthews" "UNK" "UNK" "1/16/89" "Oregon" ""
"6011" "00-0028508" "J.Nesbitt" "Joshua" "Nesbitt" "UNK" "UNK" "4/15/88" "Georgia Tech" ""
"6012" "00-0028509" "Z.Pianalto" "Zack" "Pianalto" "UNK" "UNK" "5/27/89" "North Carolina" ""
"6013" "00-0026029" "K.Lumpkin" "Kregg" "Lumpkin" "UNK" "UNK" "5/15/84" "Georgia" ""
"6014" "00-0026028" "D.Lansanah" "Danny" "Lansanah" "UNK" "UNK" "8/28/85" "Connecticut" ""
"6015" "00-0033052" "" "Jaylon" "Smith" "UNK" "UNK" "6/14/95" "Notre Dame" ""
"6016" "00-0026022" "J.Allen" "Jake" "Allen" "UNK" "UNK" "1/18/85" "Mississippi College" ""
"6017" "00-0033053" "" "Sean" "Davis" "PIT" "CB" "10/23/93" "Maryland" ""
"6018" "00-0026027" "J.Jansen" "J.J." "Jansen" "CAR" "LS" "1/20/86" "Notre Dame" ""
"6019" "00-0026026" "J.Haynos" "Joey" "Haynos" "UNK" "UNK" "8/28/84" "Maryland" ""
"6020" "00-0026025" "R.Harper" "Rod" "Harper" "UNK" "UNK" "3/26/85" "Murray State" ""
"6021" "00-0030842" "" "Mycal" "Swaim" "UNK" "UNK" "11/6/90" "Eastern Michigan" ""
"6022" "00-0030843" "Q.Cox" "Qua" "Cox" "UNK" "UNK" "4/28/91" "Jackson State" ""
"6023" "00-0030841" "" "Chaz" "Sutton" "UNK" "UNK" "9/7/89" "South Carolina" ""
"6024" "00-0030846" "S.Lobato" "Seth" "Lobato" "UNK" "UNK" "12/5/90" "Northern Colorado" ""
"6025" "00-0030844" "" "Marcus" "Hall" "UNK" "UNK" "//" "Ohio State" ""
"6026" "00-0030845" "T.Hoover" "Tyler" "Hoover" "UNK" "UNK" "1/28/90" "Michigan State" ""
"6027" "00-0029620" "B.Marshall" "Brandon" "Marshall" "DEN" "ILB" "9/10/89" "Nevada" ""
"6028" "00-0029621" "G.Zuerlein" "Greg" "Zuerlein" "UNK" "UNK" "12/27/87" "Missouri Western State" ""
"6029" "00-0030596" "J.Williams" "Josh" "Williams" "UNK" "UNK" "9/24/90" "Kansas" ""
"6030" "00-0030849" "N.Obukwelu" "Nnamdi" "Obukwelu" "UNK" "UNK" "4/13/91" "Harvard" ""
"6031" "00-0030590" "" "Jonathan" "Cooper" "NE" "OG" "1/19/90" "North Carolina" ""
"6032" "00-0030591" "" "Graham" "Pocic" "UNK" "UNK" "4/5/90" "Illinois" ""
"6033" "00-0029626" "I.Pead" "Isaiah" "Pead" "MIA" "RB" "12/14/89" "Cincinnati" ""
"6034" "00-0030593" "C.Warmack" "Chance" "Warmack" "TEN" "G" "9/14/91" "Alabama" ""
"6035" "00-0033058" "" "Reggie" "Ragland" "BUF" "ILB" "9/23/93" "Alabama" ""
"6036" "00-0024773" "D.Jones" "Derrick" "Jones" "UNK" "UNK" "11/14/84" "Grand Valley State" ""
"6037" "00-0024772" "J.Capizzi" "Jason" "Capizzi" "UNK" "UNK" "6/19/83" "Indiana (PA)" ""
"6038" "00-0021270" "J.Phillips" "Jermaine" "Phillips" "UNK" "UNK" "3/27/79" "Georgia" ""
"6039" "00-0028505" "L.Means" "Loyce" "Means" "UNK" "UNK" "3/31/89" "Houston" ""
"6040" "00-0033164" "" "Troymaine" "Pope" "SEA" "RB" "11/29/93" "Jacksonville State" ""
"6041" "00-0033165" "" "Malcolm" "Jackson" "UNK" "UNK" "2/4/94" "Charleston Southern" ""
"6042" "00-0033160" "" "Terry" "Williams" "UNK" "UNK" "3/11/92" "Kutztown" ""
"6043" "00-0033161" "" "Isaiah" "Williams" "WAS" "OT" "5/5/93" "Akron" ""
"6044" "00-0033162" "" "Matt" "Pierson" "UNK" "UNK" "2/24/93" "Oregon" ""
"6045" "00-0033163" "" "Mathu" "Gibson" "UNK" "UNK" "8/6/93" "Wingate" ""
"6046" "00-0027944" "J.Jones" "Julio" "Jones" "ATL" "WR" "2/3/89" "Alabama" ""
"6047" "00-0033168" "" "Zamir" "Carlis" "SD" "DT" "3/14/90" "Stillman" ""
"6048" "00-0033169" "" "Tom" "Lally" "UNK" "UNK" "10/2/93" "Mount Union" ""
"6049" "00-0023179" "T.Curtis" "Tony" "Curtis" "UNK" "UNK" "2/11/83" "Portland State" ""
"6050" "00-0023173" "J.Denney" "John" "Denney" "MIA" "LS" "12/13/78" "Brigham Young" ""
"6051" "00-0031635" "" "Andre" "Davis" "UNK" "UNK" "9/1/93" "South Florida" ""
"6052" "00-0023176" "J.Cribbs" "Josh" "Cribbs" "UNK" "UNK" "6/9/83" "Kent State" ""
"6053" "00-0023177" "J.Condo" "Jon" "Condo" "OAK" "LS" "8/26/81" "Maryland" ""
"6054" "00-0027888" "T.Gerhart" "Toby" "Gerhart" "UNK" "UNK" "3/28/87" "Stanford" ""
"6055" "00-0027889" "J.Worilds" "Jason" "Worilds" "UNK" "UNK" "3/3/88" "Virginia Tech" ""
"6056" "00-0027882" "P.Robinson" "Patrick" "Robinson" "IND" "DB" "9/7/87" "Florida State" ""
"6057" "00-0027883" "K.Misi" "Koa" "Misi" "MIA" "OLB" "1/17/87" "Utah" ""
"6058" "00-0027880" "J.Best" "Jahvid" "Best" "UNK" "UNK" "1/30/89" "California" ""
"6059" "00-0027881" "J.Hughes" "Jerry" "Hughes" "BUF" "DE" "8/13/88" "Texas Christian" ""
"6060" "00-0027886" "D.Washington" "Daryl" "Washington" "UNK" "UNK" "10/9/86" "Texas Christian" ""
"6061" "00-0027887" "T.Mays" "Taylor" "Mays" "UNK" "UNK" "2/7/88" "USC" ""
"6062" "00-0027884" "S.Kindle" "Sergio" "Kindle" "UNK" "UNK" "9/20/87" "Texas" ""
"6063" "00-0027885" "L.Joseph" "Linval" "Joseph" "MIN" "DT" "10/10/88" "East Carolina" ""
"6064" "00-0031639" "" "Merrill" "Noel" "UNK" "UNK" "9/10/91" "Wake Forest" ""
"6065" "00-0025822" "A.Alridge" "Anthony" "Alridge" "UNK" "UNK" "11/24/84" "Houston" ""
"6066" "00-0025823" "M.Erickson" "Mitch" "Erickson" "UNK" "UNK" "5/14/85" "South Dakota State" ""
"6067" "00-0025820" "J.Long" "Jake" "Long" "UNK" "UNK" "5/9/85" "Michigan" ""
"6068" "00-0025821" "G.Guyton" "Gary" "Guyton" "UNK" "UNK" "11/14/85" "Georgia Tech" ""
"6069" "00-0025826" "T.Polumbus" "Tyler" "Polumbus" "UNK" "UNK" "4/10/85" "Colorado" ""
"6070" "00-0025824" "G.Hartley" "Garrett" "Hartley" "UNK" "UNK" "5/16/86" "Oklahoma" ""
"6071" "00-0025825" "B.Kern" "Brett" "Kern" "TEN" "P" "2/17/86" "Toledo" ""
"6072" "00-0025828" "W.Woodyard" "Wesley" "Woodyard" "TEN" "ILB" "7/21/86" "Kentucky" ""
"6073" "00-0025829" "D.Legursky" "Doug" "Legursky" "UNK" "UNK" "6/9/86" "Marshall" ""
"6074" "00-0031085" "" "Jay" "Prosch" "HOU" "FB" "8/21/92" "Auburn" ""
"6075" "00-0031084" "" "Eric" "Pinkins" "SEA" "LB" "8/7/91" "San Diego State" ""
"6076" "00-0031087" "A.Hal" "Andre" "Hal" "HOU" "FS" "5/30/92" "Vanderbilt" ""
"6077" "00-0031081" "Z.Moore" "Zach" "Moore" "MIN" "DE" "9/5/90" "Concordia-St. Paul" ""
"6078" "00-0031080" "D.Goodson" "Demetri" "Goodson" "GB" "CB" "6/11/89" "Baylor" ""
"6079" "00-0029637" "L.Bryant" "Lamont" "Bryant" "UNK" "UNK" "1/6/88" "Morgan State" ""
"6080" "00-0020382" "K.Vanden Bosch" "Kyle Vanden" "Bosch" "UNK" "UNK" "11/17/78" "Nebraska" ""
"6081" "00-0031083" "" "Andrew" "Jackson" "UNK" "UNK" "3/16/92" "Western Kentucky" ""
"6082" "00-0031082" "T.Rooks" "Tavon" "Rooks" "UNK" "UNK" "5/10/90" "Kansas State" ""
"6083" "00-0031089" "B.Allen" "Beau" "Allen" "PHI" "NT" "11/14/91" "Wisconsin" ""
"6084" "00-0031088" "T.Bolser" "Ted" "Bolser" "UNK" "UNK" "10/22/90" "Indiana" ""
"6085" "00-0032695" "" "Ross" "Martin" "UNK" "UNK" "7/3/93" "Duke" ""
"6086" "00-0032694" "" "Jalin" "Marshall" "NYJ" "WR" "7/21/95" "Ohio State" ""
"6087" "00-0032697" "" "Doug" "Middleton" "NYJ" "DB" "9/25/93" "Appalachian State" ""
"6088" "00-0032696" "" "Helva" "Matungulu" "UNK" "UNK" "4/10/92" "Western Carolina" ""
"6089" "00-0032691" "" "Quenton" "Bundrage" "HOU" "WR" "9/13/91" "Iowa State" ""
"6090" "00-0032690" "" "Tarow" "Barney" "NYJ" "NT" "6/8/94" "Penn State" ""
"6091" "00-0027084" "S.Hill" "Sammie Lee" "Hill" "UNK" "UNK" "11/8/86" "Stillman" ""
"6092" "00-0032692" "" "Kyle" "Friend" "UNK" "UNK" "4/3/94" "Temple" ""
"6093" "00-0027088" "S.Nelson" "Shawn" "Nelson" "UNK" "UNK" "10/5/85" "Southern Mississippi" ""
"6094" "00-0027089" "L.Murphy" "Louis" "Murphy" "TB" "WR" "5/11/87" "Florida" ""
"6095" "00-0032699" "" "Claude" "Pelon" "NYJ" "DE" "11/27/92" "USC" ""
"6096" "00-0032698" "" "Julien" "Obioha" "NYJ" "DE" "7/7/94" "Texas A&M" ""
"6097" "00-0023509" "J.Tuck" "Justin" "Tuck" "UNK" "UNK" "3/29/83" "Notre Dame" ""
"6098" "00-0031339" "D.Moncrief" "Donte" "Moncrief" "IND" "WR" "8/6/93" "Mississippi" ""
"6099" "00-0031338" "" "Terrence" "Brooks" "BAL" "FS" "3/2/91" "Florida State" ""
"6100" "00-0031337" "" "Marcus" "Martin" "SF" "C" "11/29/93" "USC" ""
"6101" "00-0031336" "K.Ealy" "Kony" "Ealy" "CAR" "DE" "12/21/91" "Missouri" ""
"6102" "00-0031335" "" "Cyrus" "Kouandjio" "BUF" "T" "7/21/93" "Alabama" ""
"6103" "00-0031334" "" "Jason" "Verrett" "SD" "CB" "6/18/91" "Texas Christian" ""
"6104" "00-0031333" "H.Clinton-Dix" "Ha Ha" "Clinton-Dix" "GB" "FS" "12/21/92" "Alabama" ""
"6105" "00-0031332" "F.Toussaint" "Fitzgerald" "Toussaint" "PIT" "RB" "5/4/90" "Michigan" ""
"6106" "00-0031331" "P.Desir" "Pierre" "Desir" "CLE" "CB" "9/8/90" "Lindenwood" ""
"6107" "00-0031330" "M.Moses" "Morgan" "Moses" "WAS" "T" "3/3/91" "Virginia" ""
"6108" "00-0032346" "" "Daniel" "Davie" "UNK" "UNK" "8/4/93" "Nebraska" ""
"6109" "00-0032345" "" "Isiah" "Cage" "IND" "OT" "8/26/93" "Wis.-Eau Claire" ""
"6110" "00-0032344" "" "Sterling" "Bailey" "IND" "DE" "9/13/92" "Georgia" ""
"6111" "00-0032343" "" "Andrew" "Williamson" "IND" "DB" "11/18/92" "Vanderbilt" ""
"6112" "00-0032342" "" "Danny" "Anthrop" "UNK" "UNK" "5/29/93" "Purdue" ""
"6113" "00-0032341" "" "Moritz" "Boehringer" "MIN" "WR" "10/16/93" "Unknown" ""
"6114" "00-0032633" "" "Reggie" "Gilbert" "GB" "LB" "4/1/93" "Arizona" ""
"6115" "00-0024322" "G.Watson" "Gabe" "Watson" "UNK" "UNK" "9/24/83" "Michigan" ""
"6116" "00-0020389" "R.Hochstein" "Russ" "Hochstein" "UNK" "UNK" "10/7/77" "Nebraska" ""
"6117" "00-0028171" "L.Guy" "Lawrence" "Guy" "BAL" "DE" "3/17/90" "Arizona State" ""
"6118" "00-0026845" "V.Anderson" "Vince" "Anderson" "UNK" "UNK" "12/8/84" "Webber International FL" ""
"6119" "00-0026844" "G.Sanborn" "Garrison" "Sanborn" "BUF" "LS" "7/31/85" "Florida State" ""
"6120" "00-0026841" "M.Jones" "Michael" "Jones" "UNK" "UNK" "9/9/86" "Arizona State" ""
"6121" "00-0030069" "D.Moore" "Damontre" "Moore" "UNK" "UNK" "9/11/92" "Texas A&M" ""
"6122" "00-0026843" "J.Simmons" "Jack" "Simmons" "UNK" "UNK" "2/21/86" "Minnesota" ""
"6123" "00-0026842" "J.Watkins" "Jason" "Watkins" "UNK" "UNK" "6/10/85" "Florida" ""
"6124" "00-0030064" "J.Bostic" "Jon" "Bostic" "DET" "LB" "5/5/91" "Florida" ""
"6125" "00-0030065" "L.Warford" "Larry" "Warford" "DET" "G" "6/18/91" "Kentucky" ""
"6126" "00-0030066" "B.Winters" "Brian" "Winters" "NYJ" "G" "7/10/91" "Kent State" ""
"6127" "00-0030067" "T.Armstead" "Terron" "Armstead" "NO" "T" "7/23/91" "Arkansas-Pine Bluff" ""
"6128" "00-0026849" "H.Donaldson" "Herb" "Donaldson" "UNK" "UNK" "12/13/85" "Western Illinois" ""
"6129" "00-0030061" "Z.Ertz" "Zach" "Ertz" "PHI" "TE" "11/10/90" "Stanford" ""
"6130" "00-0030062" "D.Slay" "Darius" "Slay" "DET" "CB" "1/1/91" "Mississippi State" ""
"6131" "00-0030063" "J.Hankins" "Johnathan" "Hankins" "NYG" "DT" "3/30/92" "Ohio State" ""
"6132" "00-0030524" "L.Jones" "Landry" "Jones" "PIT" "QB" "4/4/89" "Oklahoma" ""
"6133" "00-0028503" "B.Hicks" "Brandon" "Hicks" "UNK" "UNK" "3/22/89" "Florida" ""
"6134" "00-0028500" "R.Forrest" "Reid" "Forrest" "UNK" "UNK" "11/2/87" "Washington State" ""
"6135" "00-0028501" "S.Glover" "Sidney" "Glover" "UNK" "UNK" "2/1/89" "West Virginia" ""
"6136" "00-0028506" "D.Miller" "Doyle" "Miller" "UNK" "UNK" "12/26/87" "Nevada" ""
"6137" "00-0028059" "C.Prosinski" "Chris" "Prosinski" "CHI" "SS" "4/28/87" "Wyoming" ""
"6138" "00-0028504" "B.Jefferson" "Brad" "Jefferson" "UNK" "UNK" "3/22/89" "Georgia Tech" ""
"6139" "00-0022038" "T.Banta-Cain" "Tully" "Banta-Cain" "UNK" "UNK" "8/28/80" "California" ""
"6140" "00-0028055" "" "James" "Brewer" "UNK" "UNK" "12/23/87" "Indiana" ""
"6141" "00-0028056" "J.Brown" "Jalil" "Brown" "IND" "CB" "10/14/87" "Colorado" ""
"6142" "00-0028057" "D.Carter" "Delone" "Carter" "UNK" "UNK" "6/22/87" "Syracuse" ""
"6143" "00-0028050" "G.Salas" "Greg" "Salas" "BUF" "WR" "8/25/88" "Hawaii" ""
"6144" "00-0028051" "C.Chekwa" "Chimdi" "Chekwa" "MIA" "DB" "1/7/88" "Ohio State" ""
"6145" "00-0028052" "C.Shorts" "Cecil" "Shorts" "HOU" "WR" "12/22/87" "Mount Union" ""
"6146" "00-0028053" "K.Hunter" "Kendall" "Hunter" "UNK" "UNK" "9/16/88" "Oklahoma State" ""
"6147" "00-0026900" "J.Gilbert" "Jarron" "Gilbert" "UNK" "UNK" "9/30/86" "San Jose State" ""
"6148" "00-0026901" "M.Wallace" "Mike" "Wallace" "BAL" "WR" "8/1/86" "Mississippi" ""
"6149" "00-0026902" "R.Barden" "Ramses" "Barden" "UNK" "UNK" "1/1/86" "Cal Poly-S.L.O." ""
"6150" "00-0026903" "K.Lewis" "Keenan" "Lewis" "UNK" "UNK" "5/17/86" "Oregon State" ""
"6151" "00-0026904" "J.Iglesias" "Juaquin" "Iglesias" "UNK" "UNK" "8/22/87" "Oklahoma" ""
"6152" "00-0028037" "K.Wright" "K.J." "Wright" "SEA" "OLB" "7/23/89" "Mississippi State" ""
"6153" "00-0026905" "H.Melton" "Henry" "Melton" "DEN" "DE" "10/11/86" "Texas" ""
"6154" "00-0026906" "K.Moore" "Kyle" "Moore" "UNK" "UNK" "10/25/86" "USC" ""
"6155" "00-0026907" "D.Moore" "D.J." "Moore" "UNK" "UNK" "3/22/87" "Vanderbilt" ""
"6156" "00-0026908" "A.Hill" "Anthony" "Hill" "UNK" "UNK" "1/2/85" "North Carolina State" ""
"6157" "00-0026909" "R.Ohrnberger" "Rich" "Ohrnberger" "UNK" "UNK" "2/14/86" "Penn State" ""
"6158" "00-0029457" "M.Harris" "Michael" "Harris" "UNK" "UNK" "12/5/88" "UCLA" ""
"6159" "00-0029456" "L.Harrell" "Logan" "Harrell" "UNK" "UNK" "9/25/89" "Fresno State" ""
"6160" "00-0029454" "G.Gatson" "Gregory" "Gatson" "UNK" "UNK" "3/24/89" "Arkansas" ""
"6161" "00-0029453" "T.Embree" "Taylor" "Embree" "UNK" "UNK" "10/3/88" "UCLA" ""
"6162" "00-0029451" "S.Cattouse" "Sean" "Cattouse" "UNK" "UNK" "10/4/88" "California" ""
"6163" "00-0029459" "J.Lee" "Jarrett" "Lee" "UNK" "UNK" "6/2/89" "LSU" ""
"6164" "00-0029458" "M.Hayes" "Michael" "Hayes" "UNK" "UNK" "6/18/90" "Houston" ""
"6165" "00-0030452" "E.Herman" "Eric" "Herman" "UNK" "UNK" "10/5/89" "Ohio U." ""
"6166" "00-0031986" "" "Cameron" "Stingily" "PIT" "RB" "10/5/91" "Northern Illinois" ""
"6167" "00-0030459" "T.Mathieu" "Tyrann" "Mathieu" "ARI" "FS" "5/13/92" "LSU" ""
"6168" "00-0030458" "A.Brown" "Arthur" "Brown" "BAL" "ILB" "6/17/90" "Kansas State" ""
"6169" "00-0030455" "S.Lotulelei" "Star" "Lotulelei" "CAR" "DT" "12/20/89" "Utah" ""
"6170" "00-0030454" "A.Gillett" "Alex" "Gillett" "UNK" "UNK" "5/17/91" "Eastern Michigan" ""
"6171" "00-0030457" "" "Tank" "Carradine" "SF" "DT" "2/18/89" "Florida State" ""
"6172" "00-0030456" "G.Bernard" "Giovani" "Bernard" "CIN" "RB" "11/22/91" "North Carolina" ""
"6173" "00-0030451" "D.McCray" "Demetrius" "McCray" "UNK" "UNK" "5/11/91" "Appalachian State" ""
"6174" "00-0030450" "Q.Patton" "Quinton" "Patton" "SF" "WR" "8/9/90" "Louisiana Tech" ""
"6175" "00-0030453" "" "Malcolm" "Bronson" "UNK" "UNK" "5/11/90" "McNeese State" ""
"6176" "00-0028983" "" "Kevin" "Murphy" "UNK" "UNK" "2/16/90" "Harvard" ""
"6177" "00-0019435" "M.Leach" "Mike" "Leach" "UNK" "UNK" "10/18/76" "William & Mary" ""
"6178" "00-0031982" "" "Nordly" "Capi" "ATL" "DE" "7/11/92" "Akron" ""
"6179" "00-0003315" "T.Collins" "Todd" "Collins" "UNK" "UNK" "11/5/71" "Michigan" ""
"6180" "00-0004472" "M.Douglas" "Marques" "Douglas" "UNK" "UNK" "3/15/77" "Howard" ""
"6181" "00-0029901" "R.Melvin" "Rashaan" "Melvin" "MIA" "DB" "10/2/89" "Northern Illinois" ""
"6182" "00-0029900" "E.Landi" "Evan" "Landi" "UNK" "UNK" "" "South Florida" ""
"6183" "00-0029904" "" "Brice" "Schwab" "UNK" "UNK" "10/4/89" "Arizona State" ""
"6184" "00-0023347" "M.Kracalik" "Mike" "Kracalik" "UNK" "UNK" "9/8/82" "San Diego State" ""
"6185" "00-0029909" "J.Weaver" "Jason" "Weaver" "CHI" "OL" "4/12/89" "Southern Mississippi" ""
"6186" "00-0027507" "C.Hawkins" "Chris" "Hawkins" "UNK" "UNK" "4/12/86" "LSU" ""
"6187" "00-0027506" "K.Haslam" "Kevin" "Haslam" "UNK" "UNK" "11/8/86" "Rutgers" ""
"6188" "00-0027505" "T.Harris" "Trevor" "Harris" "UNK" "UNK" "5/31/86" "Edinboro" ""
"6189" "00-0032506" "" "Lars" "Hanson" "DEN" "OT" "9/30/92" "Sacramento State" ""
"6190" "00-0027503" "J.Gordy" "Josh" "Gordy" "UNK" "UNK" "2/9/87" "Central Michigan" ""
"6191" "00-0027502" "" "John" "Estes" "UNK" "UNK" "3/25/87" "Hawaii" ""
"6192" "00-0027501" "J.Cutrera" "Jacob" "Cutrera" "UNK" "UNK" "5/18/88" "LSU" ""
"6193" "00-0027500" "M.Caussin" "Mike" "Caussin" "UNK" "UNK" "2/26/87" "James Madison" ""
"6194" "00-0029244" "" "Markus" "Zusevics" "UNK" "UNK" "4/25/89" "Iowa" ""
"6195" "00-0032509" "" "Keith" "Lumpkin" "UNK" "UNK" "1/15/92" "Rutgers" ""
"6196" "00-0032508" "" "Hakeem" "Valles" "ARI" "TE" "11/23/92" "Monmouth (N.J.)" ""
"6197" "00-0027509" "R.Malone" "Robert" "Malone" "UNK" "UNK" "2/4/88" "Fresno State" ""
"6198" "00-0027508" "C.Kackert" "Chad" "Kackert" "UNK" "UNK" "9/15/86" "New Hampshire" ""
"6199" "00-0020533" "L.Davis" "Leonard" "Davis" "UNK" "UNK" "9/5/78" "Texas" ""
"6200" "00-0020531" "D.Brees" "Drew" "Brees" "NO" "QB" "1/15/79" "Purdue" ""
"6201" "00-0031859" "" "Deion" "Barnes" "UNK" "UNK" "1/20/93" "Penn State" ""
"6202" "00-0020536" "L.Tomlinson" "LaDainian" "Tomlinson" "UNK" "UNK" "6/23/79" "Texas Christian" ""
"6203" "00-0020535" "J.Smith" "Justin" "Smith" "UNK" "UNK" "9/30/79" "Missouri" ""
"6204" "00-0031852" "" "David" "Andrews" "NE" "C" "7/10/92" "Georgia" ""
"6205" "00-0031856" "B.King" "Brandon" "King" "NE" "DB" "6/8/93" "Auburn" ""
"6206" "00-0031857" "" "Eric" "Patterson" "CLE" "CB" "2/5/93" "Ball State" ""
"6207" "00-0031854" "" "Chris" "Harper" "NE" "WR" "12/7/93" "California" ""
"6208" "00-0026276" "K.Moore" "Kenny" "Moore" "UNK" "UNK" "2/19/85" "Wake Forest" ""
"6209" "00-0026277" "J.Booty" "John David" "Booty" "UNK" "UNK" "1/3/85" "USC" ""
"6210" "00-0026274" "S.Keglar" "Stanford" "Keglar" "UNK" "UNK" "7/4/85" "Purdue" ""
"6211" "00-0026275" "J.Sitton" "Josh" "Sitton" "GB" "G" "6/16/86" "Central Florida" ""
"6212" "00-0026272" "D.Fine" "Derek" "Fine" "UNK" "UNK" "8/24/83" "Kansas" ""
"6213" "00-0026270" "T.Hills" "Tony" "Hills" "NO" "OT" "11/4/84" "Texas" ""
"6214" "00-0026271" "J.Ikegwuonu" "Jack" "Ikegwuonu" "UNK" "UNK" "1/7/86" "Wisconsin" ""
"6215" "00-0026278" "R.James" "Robert" "James" "UNK" "UNK" "12/26/83" "Arizona State" ""
"6216" "00-0026279" "R.Torain" "Ryan" "Torain" "UNK" "UNK" "8/10/86" "Arizona State" ""
"6217" "00-0019041" "B.Volek" "Billy" "Volek" "UNK" "UNK" "4/28/76" "Fresno State" ""
"6218" "00-0024697" "M.Bullitt" "Melvin" "Bullitt" "UNK" "UNK" "11/13/84" "Texas A&M" ""
"6219" "00-0024692" "D.Muir" "Daniel" "Muir" "UNK" "UNK" "9/12/83" "Kent State" ""
"6220" "00-0024693" "P.Murray" "Pat" "Murray" "UNK" "UNK" "10/31/84" "Truman State" ""
"6221" "00-0024690" "L.Birdine" "Larry" "Birdine" "UNK" "UNK" "10/6/83" "Oklahoma" ""
"6222" "00-0029707" "J.Blackmon" "Justin" "Blackmon" "UNK" "UNK" "1/9/90" "Oklahoma State" ""
"6223" "00-0024529" "G.Robinson" "Gijon" "Robinson" "UNK" "UNK" "10/12/84" "Missouri Western State" ""
"6224" "00-0022591" "J.Maxwell" "Jim" "Maxwell" "UNK" "UNK" "8/8/81" "Gardner-Webb" ""
"6225" "00-0020995" "D.Lewis" "D.D." "Lewis" "UNK" "UNK" "1/8/79" "Texas" ""
"6226" "00-0026525" "N.Swift" "Nate" "Swift" "UNK" "UNK" "8/24/85" "Nebraska" ""
"6227" "00-0027122" "Q.Lawrence" "Quinten" "Lawrence" "UNK" "UNK" "9/21/84" "McNeese State" ""
"6228" "00-0019954" "K.Vincent" "Keydrick" "Vincent" "UNK" "UNK" "4/13/78" "Mississippi" ""
"6229" "00-0030219" "E.Martin" "Eric" "Martin" "UNK" "UNK" "7/21/91" "Nebraska" ""
"6230" "00-0029907" "B.Smith" "Branden" "Smith" "UNK" "UNK" "12/19/89" "Georgia" ""
"6231" "00-0030213" "C.Wilkins" "Craig" "Wilkins" "UNK" "UNK" "11/28/89" "Old Dominion" ""
"6232" "00-0030211" "R.Polk" "Ray" "Polk" "UNK" "UNK" "4/22/90" "Colorado" ""
"6233" "00-0030210" "J.Lotulelei" "John" "Lotulelei" "OAK" "LB" "12/4/91" "Nevada-Las Vegas" ""
"6234" "00-0030217" "T.Lelito" "Tim" "Lelito" "NO" "OG" "7/21/89" "Grand Valley State" ""
"6235" "00-0030216" "J.Hill" "Josh" "Hill" "NO" "TE" "5/21/90" "Idaho State" ""
"6236" "00-0030215" "G.Foster" "Glenn" "Foster" "UNK" "UNK" "5/31/90" "Illinois" ""
"6237" "00-0029706" "A.Brewer" "Andy" "Brewer" "UNK" "UNK" "9/27/86" "Northwestern" ""
"6238" "00-0032505" "" "Garrett" "Swanson" "UNK" "UNK" "6/24/94" "Fresno State" ""
"6239" "00-0032504" "" "Jamison" "Lalk" "UNK" "UNK" "12/7/92" "Iowa State" ""
"6240" "00-0032507" "" "Marquis" "Lucas" "BUF" "OT" "3/25/93" "West Virginia" ""
"6241" "00-0032501" "" "Robert" "Kugler" "UNK" "UNK" "12/11/92" "Purdue" ""
"6242" "00-0032503" "" "Givens" "Price" "ARI" "DT" "10/3/94" "Nebraska" ""
"6243" "00-0020332" "D.Martin" "David" "Martin" "UNK" "UNK" "3/13/79" "Tennessee" ""
"6244" "00-0020337" "S.Smith" "Steve" "Smith" "BAL" "WR" "5/12/79" "Utah" ""
"6245" "00-0023973" "C.Russell" "Calvin" "Russell" "UNK" "UNK" "6/14/83" "Tuskegee" ""
"6246" "00-0019605" "D.Howard" "Darren" "Howard" "UNK" "UNK" "11/19/76" "Kansas State" ""
"6247" "00-0018605" "C.Ivy" "Corey" "Ivy" "UNK" "UNK" "3/21/77" "Oklahoma" ""
"6248" "00-0020055" "D.Evans" "Demetric" "Evans" "UNK" "UNK" "9/3/79" "Georgia" ""
"6249" "00-0028269" "N.Whitaker" "Nate" "Whitaker" "UNK" "UNK" "8/29/88" "Stanford" ""
"6250" "00-0028268" "D.Torrence" "Devon" "Torrence" "UNK" "UNK" "5/3/89" "Ohio State" ""
"6251" "00-0030582" "M.Sales" "Marcus" "Sales" "UNK" "UNK" "" "Syracuse" ""
"6252" "00-0028263" "A.Holmes" "Andre" "Holmes" "OAK" "WR" "6/16/88" "Hillsdale" ""
"6253" "00-0028262" "R.Hill" "Ryan" "Hill" "UNK" "UNK" "4/15/87" "Miami (Fla.)" ""
"6254" "00-0028260" "L.Dean" "Larry" "Dean" "UNK" "UNK" "8/7/88" "Valdosta State" ""
"6255" "00-0028267" "A.Reisner" "Allen" "Reisner" "UNK" "UNK" "9/29/88" "Iowa" ""
"6256" "00-0030581" "A.Yates" "Adam" "Yates" "UNK" "UNK" "2/19/90" "South Carolina" ""
"6257" "00-0030587" "M.Robinson" "Mason" "Robinson" "UNK" "UNK" "7/24/89" "Rutgers" ""
"6258" "00-0030854" "" "Erik" "Swoope" "IND" "TE" "5/8/92" "Miami (Fla.)" ""
"6259" "00-0030585" "J.Pugh" "Justin" "Pugh" "NYG" "OG" "8/15/90" "Syracuse" ""
"6260" "00-0030856" "T.Washington" "Tony" "Washington" "UNK" "UNK" "10/18/90" "Appalachian State" ""
"6261" "00-0030859" "" "Gannon" "Conway" "UNK" "UNK" "6/4/89" "Arizona State" ""
"6262" "00-0029636" "M.Avila" "Michael" "Avila" "UNK" "UNK" "11/3/88" "San Jose State" ""
"6263" "00-0031621" "" "Jake" "Rodgers" "NYG" "OT" "9/10/91" "Eastern Washington" ""
"6264" "00-0031620" "" "Deon" "Simon" "NYJ" "DT" "7/6/90" "Northwestern State-Louisiana" ""
"6265" "00-0031623" "" "Austin" "Shepherd" "UNK" "UNK" "5/28/92" "Alabama" ""
"6266" "00-0030588" "" "Jeff" "Olson" "UNK" "UNK" "//" "Texas Christian" ""
"6267" "00-0028199" "T.McCrae" "Terrence" "McCrae" "UNK" "UNK" "1/10/88" "Ohio U." ""
"6268" "00-0028198" "M.Asiata" "Matt" "Asiata" "MIN" "RB" "7/24/87" "Utah" ""
"6269" "00-0031627" "" "Corey" "Robinson" "DET" "OT" "5/21/92" "South Carolina" ""
"6270" "00-0028195" "P.Fenaroli" "Paul" "Fenaroli" "UNK" "UNK" "9/2/89" "Stony Brook" ""
"6271" "00-0028194" "C.Brandon" "Cory" "Brandon" "UNK" "UNK" "10/5/87" "Oklahoma" ""
"6272" "00-0028197" "J.Masoli" "Jeremiah" "Masoli" "UNK" "UNK" "8/24/88" "Mississippi" ""
"6273" "00-0028196" "" "Ricky" "Henry" "UNK" "UNK" "7/27/87" "Nebraska" ""
"6274" "00-0028191" "C.Neild" "Chris" "Neild" "UNK" "UNK" "12/1/87" "West Virginia" ""
"6275" "00-0028192" "C.Ozougwu" "Cheta" "Ozougwu" "UNK" "UNK" "11/18/88" "Rice" ""
"6276" "00-0031209" "S.Perry" "Senorise" "Perry" "UNK" "UNK" "9/19/91" "Louisville" ""
"6277" "00-0031999" "" "Justin" "March-Lillard" "KC" "LB" "7/5/93" "Akron" ""
"6278" "00-0018956" "B.Meester" "Brad" "Meester" "UNK" "UNK" "3/23/77" "Northern Iowa" ""
"6279" "00-0018957" "M.Simoneau" "Mark" "Simoneau" "UNK" "UNK" "1/16/77" "Kansas State" ""
"6280" "00-0031992" "" "Kenny" "Cook" "KC" "WR" "5/20/92" "Gardner-Webb" ""
"6281" "00-0018958" "L.Coles" "Laveranues" "Coles" "UNK" "UNK" "12/29/77" "Florida State" ""
"6282" "00-0031990" "" "Brandon" "Person" "UNK" "UNK" "8/9/91" "Tiffin University" ""
"6283" "00-0031997" "" "David" "Irving" "DAL" "DT" "8/18/93" "Iowa State" ""
"6284" "00-0031996" "" "Manasseh" "Garner" "UNK" "UNK" "3/11/92" "Pittsburgh" ""
"6285" "00-0031994" "" "Andrew" "East" "UNK" "UNK" "9/17/91" "Vanderbilt" ""
"6286" "00-0028995" "S.Hill" "Stephen" "Hill" "UNK" "UNK" "4/25/91" "Georgia Tech" ""
"6287" "00-0028994" "D.Jones" "Dominique" "Jones" "MIA" "TE" "8/15/87" "Shepherd" ""
"6288" "00-0028997" "J.Bernstine" "Jordan" "Morris" "UNK" "UNK" "5/31/89" "Iowa" ""
"6289" "00-0028996" "R.Crawford" "Richard" "Crawford" "SD" "DB" "8/1/90" "Southern Methodist" ""
"6290" "00-0028993" "D.Turner" "Dion" "Turner" "UNK" "UNK" "5/23/89" "Southern Utah" ""
"6291" "00-0028992" "D.Moss" "Dale" "Moss" "UNK" "UNK" "9/24/88" "South Dakota State" ""
"6292" "00-0028999" "L.Adcock" "Levy" "Adcock" "UNK" "UNK" "11/12/88" "Oklahoma State" ""
"6293" "00-0028998" "J.Adams" "Jeff" "Adams" "HOU" "OT" "9/6/89" "Columbia" ""
"6294" "00-0031202" "" "Ben" "Gottschalk" "TB" "C" "2/15/92" "Southern Methodist" ""
"6295" "00-0029029" "M.Merletti" "Matt" "Merletti" "UNK" "UNK" "7/18/88" "North Carolina" ""
"6296" "00-0029026" "J.Foster" "Jason" "Foster" "UNK" "UNK" "10/21/88" "Rhode Island" ""
"6297" "00-0031200" "" "Courtney" "Bridget" "UNK" "UNK" "3/22/91" "Hampton" ""
"6298" "00-0029022" "S.Baker" "Steven" "Baker" "UNK" "UNK" "11/24/88" "East Carolina" ""
"6299" "00-0029023" "C.Chism" "Cameron" "Chism" "UNK" "UNK" "12/25/90" "Maryland" ""
"6300" "00-0029020" "M.Maze" "Marquis" "Maze" "UNK" "UNK" "3/2/88" "Alabama" ""
"6301" "00-0029021" "C.Anunoby" "Chigbo" "Anunoby" "CLE" "NT" "1/4/89" "Morehouse" ""
"6302" "00-0025468" "J.Alford" "Jay" "Alford" "UNK" "UNK" "5/28/83" "Penn State" ""
"6303" "00-0025469" "T.Tyler" "Tank" "Tyler" "UNK" "UNK" "2/14/85" "North Carolina State" ""
"6304" "00-0025462" "L.Robinson" "Laurent" "Robinson" "UNK" "UNK" "5/20/85" "Illinois State" ""
"6305" "00-0025463" "J.Hill" "Jason" "Hill" "UNK" "UNK" "2/20/85" "Washington State" ""
"6306" "00-0025460" "J.Jones" "Jacoby" "Jones" "UNK" "UNK" "7/11/84" "Lane" ""
"6307" "00-0025461" "Y.Figurs" "Yamon" "Figurs" "UNK" "UNK" "1/10/82" "Kansas State" ""
"6308" "00-0025466" "M.Sims-Walker" "Mike" "Sims-Walker" "UNK" "UNK" "11/21/84" "Central Florida" ""
"6309" "00-0025467" "P.Williams" "Paul" "Williams" "UNK" "UNK" "12/2/83" "Fresno State" ""
"6310" "00-0025464" "M.Spaeth" "Matt" "Spaeth" "UNK" "UNK" "11/24/83" "Minnesota" ""
"6311" "00-0025465" "J.Jones" "James" "Jones" "UNK" "UNK" "3/31/84" "San Jose State" ""
"6312" "00-0026048" "K.Lattimore" "Keon" "Lattimore" "UNK" "UNK" "7/6/84" "Maryland" ""
"6313" "00-0026046" "S.Octavien" "Steve" "Octavien" "UNK" "UNK" "11/25/84" "Nebraska" ""
"6314" "00-0026040" "D.Lokey" "Derek" "Lokey" "UNK" "UNK" "11/25/85" "Texas" ""
"6315" "00-0026043" "M.Dixon" "Marcus" "Dixon" "UNK" "UNK" "9/16/84" "Hampton" ""
"6316" "00-0030864" "A.Johnson" "Anthony" "Johnson" "NE" "DT" "1/24/93" "LSU" ""
"6317" "00-0030865" "" "Gator" "Hoskins" "UNK" "UNK" "12/19/91" "Marshall" ""
"6318" "00-0030866" "D.Johnson" "Derrell" "Johnson" "UNK" "UNK" "3/27/90" "East Carolina" ""
"6319" "00-0030867" "" "Kamal" "Johnson" "SD" "DT" "12/9/91" "Temple" ""
"6320" "00-0030860" "O.Darkwa" "Orleans" "Darkwa" "NYG" "RB" "2/28/92" "Tulane" ""
"6321" "00-0030861" "" "Tariq" "Edwards" "UNK" "UNK" "5/1/91" "Virginia Tech" ""
"6322" "00-0030862" "" "Evan" "Finkenberg" "UNK" "UNK" "10/4/90" "Arizona State" ""
"6323" "00-0030868" "R.Lankford" "Ryan" "Lankford" "UNK" "UNK" "12/9/91" "Illinois" ""
"6324" "00-0030869" "" "Tyler" "Larsen" "CAR" "OG" "7/8/91" "Utah" ""
"6325" "00-0022157" "J.Faine" "Jeff" "Faine" "UNK" "UNK" "4/6/81" "Notre Dame" ""
"6326" "00-0024755" "J.Tucker" "Jyles" "Tucker" "UNK" "UNK" "9/18/83" "Wake Forest" ""
"6327" "00-0022156" "B.Johnson" "Bryant" "Johnson" "UNK" "UNK" "3/7/81" "Penn State" ""
"6328" "00-0022155" "J.Kennedy" "Jimmy" "Kennedy" "UNK" "UNK" "11/15/79" "Penn State" ""
"6329" "00-0033108" "" "Paxton" "Lynch" "DEN" "QB" "2/12/94" "Memphis" ""
"6330" "00-0033109" "" "Javon" "Hargrave" "PIT" "DT" "2/7/93" "South Carolina State" ""
"6331" "00-0033107" "" "William" "Jackson" "CIN" "CB" "10/27/92" "Houston" ""
"6332" "00-0033104" "" "Cody" "Kessler" "CLE" "QB" "5/11/93" "USC" ""
"6333" "00-0033102" "" "Roberto" "Aguayo" "TB" "K" "5/17/94" "Florida State" ""
"6334" "00-0033103" "" "Artie" "Burns" "PIT" "CB" "5/1/95" "Miami (Fla.)" ""
"6335" "00-0023158" "B.Berlin" "Brock" "Berlin" "UNK" "UNK" "7/4/81" "Miami (Fla.)" ""
"6336" "00-0019387" "J.Hall" "James" "Hall" "UNK" "UNK" "2/4/77" "Michigan" ""
"6337" "00-0027313" "B.Jackson" "Brian" "Jackson" "UNK" "UNK" "5/4/87" "Oklahoma" ""
"6338" "00-0023544" "M.Barber" "Marion" "Barber" "UNK" "UNK" "6/10/83" "Minnesota" ""
"6339" "00-0023548" "D.Stewart" "David" "Stewart" "UNK" "UNK" "8/28/82" "Mississippi State" ""
"6340" "00-0023545" "B.Jacobs" "Brandon" "Jacobs" "UNK" "UNK" "7/6/82" "Southern Illinois" ""
"6341" "00-0027311" "D.Landolt" "Dennis" "Landolt" "UNK" "UNK" "10/15/86" "Penn State" ""
"6342" "00-0027317" "D.Warren" "Donovan" "Warren" "UNK" "UNK" "1/31/89" "Michigan" ""
"6343" "00-0027314" "J.Lamb" "Jason" "Lamb" "UNK" "UNK" "3/3/87" "Baylor" ""
"6344" "00-0027318" "M.Williams" "Mick" "Williams" "UNK" "UNK" "7/3/86" "Pittsburgh" ""
"6345" "00-0030628" "J.Harley" "Jajuan" "Harley" "UNK" "UNK" "1/17/91" "Middle Tennessee State" ""
"6346" "00-0021160" "M.Colombo" "Marc" "Colombo" "UNK" "UNK" "10/8/78" "Boston College" ""
"6347" "00-0023569" "M.Giordano" "Matt" "Giordano" "UNK" "UNK" "10/16/82" "California" ""
"6348" "00-0023564" "D.Sproles" "Darren" "Sproles" "PHI" "RB" "6/20/83" "Kansas State" ""
"6349" "00-0023567" "J.Sanders" "James" "Sanders" "UNK" "UNK" "11/11/83" "Fresno State" ""
"6350" "00-0023566" "C.Canty" "Chris" "Canty" "UNK" "UNK" "11/10/82" "Virginia" ""
"6351" "00-0023561" "A.Pearman" "Alvin" "Pearman" "UNK" "UNK" "8/10/82" "Virginia" ""
"6352" "00-0023560" "T.Herremans" "Todd" "Herremans" "UNK" "UNK" "10/13/82" "Saginaw Valley State" ""
"6353" "00-0023563" "D.Gandy" "Dylan" "Gandy" "UNK" "UNK" "3/8/82" "Texas Tech" ""
"6354" "00-0023562" "C.Davis" "Chauncey" "Davis" "UNK" "UNK" "1/27/83" "Florida State" ""
"6355" "00-0023524" "A.Ellison" "Atiyyah" "Ellison" "UNK" "UNK" "9/29/81" "Missouri" ""
"6356" "00-0029946" "A.Jones" "Abry" "Jones" "UNK" "UNK" "9/8/91" "Georgia" ""
"6357" "00-0030991" "" "Chris" "Watt" "SD" "C" "8/17/90" "Notre Dame" ""
"6358" "00-0022782" "K.Jones" "Kevin" "Jones" "UNK" "UNK" "8/21/82" "Virginia Tech" ""
"6359" "00-0028934" "B.Reed" "Bert" "Reed" "UNK" "UNK" "6/1/88" "Florida State" ""
"6360" "00-0027125" "Z.Miller" "Zach" "Miller" "CHI" "TE" "10/4/84" "Nebraska-Omaha" ""
"6361" "00-0023953" "S.Hurd" "Sam" "Hurd" "UNK" "UNK" "4/24/85" "Northern Illinois" ""
"6362" "00-0032062" "" "Blake" "Bell" "SF" "TE" "8/7/91" "Oklahoma" ""
"6363" "00-0032063" "" "Mike" "Davis" "SF" "RB" "2/19/93" "South Carolina" ""
"6364" "00-0032060" "" "Eli" "Harold" "SF" "OLB" "1/20/94" "Virginia" ""
"6365" "00-0032061" "" "Xavier" "Cooper" "CLE" "DL" "11/30/91" "Washington State" ""
"6366" "00-0032066" "" "Tevin" "Mitchel" "IND" "CB" "8/3/92" "Arkansas" ""
"6367" "00-0032067" "" "Ian" "Silberman" "UNK" "UNK" "10/10/92" "Boston College" ""
"6368" "00-0032064" "" "DeAndre" "Smelter" "SF" "WR" "12/3/91" "Georgia Tech" ""
"6369" "00-0032065" "" "Bradley" "Pinion" "SF" "P" "6/1/94" "Clemson" ""
"6370" "00-0019626" "A.Boone" "Alfonso" "Boone" "UNK" "UNK" "1/11/76" "Central State (Ohio)" ""
"6371" "00-0019629" "B.Williams" "Bobbie" "Williams" "UNK" "UNK" "9/25/76" "Arkansas" ""
"6372" "00-0032912" "" "DeAndre" "Reaves" "SD" "WR" "4/30/92" "Marshall" ""
"6373" "00-0032913" "" "Larry" "Scott" "SD" "CB" "3/5/93" "Oregon State" ""
"6374" "00-0028436" "J.Crittenton" "Jarrett" "Crittenton" "UNK" "UNK" "1/5/88" "Middle Tennessee State" ""
"6375" "00-0022783" "T.Lehman" "Teddy" "Lehman" "UNK" "UNK" "11/18/81" "Oklahoma" ""
"6376" "00-0022780" "D.Williams" "D.J." "Williams" "UNK" "UNK" "7/20/82" "Miami (Fla.)" ""
"6377" "00-0022781" "M.Jenkins" "Michael" "Jenkins" "UNK" "UNK" "6/18/82" "Ohio State" ""
"6378" "00-0022786" "M.Ware" "Matt" "Ware" "UNK" "UNK" "12/2/82" "UCLA" ""
"6379" "00-0022787" "M.Schaub" "Matt" "Schaub" "ATL" "QB" "6/25/81" "Virginia" ""
"6380" "00-0022785" "M.Starks" "Max" "Starks" "UNK" "UNK" "1/10/82" "Florida" ""
"6381" "00-0026869" "J.Belcher" "Jovan" "Belcher" "UNK" "UNK" "7/24/87" "Maine" ""
"6382" "00-0032910" "" "Shaq" "Petteway" "SD" "LB" "2/2/93" "West Virginia" ""
"6383" "00-0028925" "W.Green" "William" "Green" "UNK" "UNK" "4/28/90" "Florida" ""
"6384" "00-0032911" "" "Spencer" "Pulley" "SD" "C" "4/3/93" "Vanderbilt" ""
"6385" "00-0028209" "B.Greenwood" "Brett" "Greenwood" "UNK" "UNK" "9/14/87" "Iowa" ""
"6386" "00-0028926" "A.Reed" "Antwuan" "Reed" "UNK" "UNK" "11/29/89" "Pittsburgh" ""
"6387" "00-0028205" "N.Brinkley" "Niles" "Brinkley" "UNK" "UNK" "1/28/87" "Wisconsin" ""
"6388" "00-0032916" "" "Trevor" "Williams" "SD" "CB" "9/15/93" "Penn State" ""
"6389" "00-0028207" "M.Chavis" "Miguel" "Chavis" "UNK" "UNK" "10/26/88" "Clemson" ""
"6390" "00-0028201" "W.Smith" "Willie" "Smith" "UNK" "UNK" "11/13/86" "East Carolina" ""
"6391" "00-0028200" "A.Robinson" "Armand" "Robinson" "UNK" "UNK" "12/8/87" "Miami (Ohio)" ""
"6392" "00-0028203" "B.Chappell" "Ben" "Chappell" "UNK" "UNK" "6/2/87" "Indiana" ""
"6393" "00-0032445" "" "Ted" "Karras" "NE" "OG" "3/15/93" "Illinois" ""
"6394" "00-0032914" "" "Matt" "Weiser" "SD" "TE" "10/7/92" "Buffalo" ""
"6395" "00-0032915" "" "Dom" "Williams" "SD" "WR" "12/11/92" "Washington State" ""
"6396" "00-0028386" "J.Dempsey" "John" "Dempsey" "UNK" "UNK" "1/28/89" "Villanova" ""
"6397" "00-0028387" "D.Dinkins" "Dionte" "Dinkins" "UNK" "UNK" "3/20/86" "Fort Valley State" ""
"6398" "00-0031609" "" "A.J." "Derby" "NE" "TE" "9/20/91" "Arkansas" ""
"6399" "00-0031608" "" "Quandre" "Diggs" "DET" "CB" "1/22/93" "Texas" ""
"6400" "00-0031603" "" "Tayo" "Fabuluje" "UNK" "UNK" "7/17/91" "Texas Christian" ""
"6401" "00-0031602" "" "Matt" "Wells" "ATL" "LB" "11/26/90" "Mississippi State" ""
"6402" "00-0031601" "" "Robert" "Myers" "DEN" "OG" "12/26/91" "Tennessee State" ""
"6403" "00-0031600" "" "Keith" "Mumphery" "HOU" "WR" "6/5/92" "Michigan State" ""
"6404" "00-0031607" "" "L.T." "Walton" "PIT" "DT" "3/31/92" "Central Michigan" ""
"6405" "00-0031606" "" "Randall" "Evans" "UNK" "UNK" "12/26/91" "Kansas State" ""
"6406" "00-0031604" "" "Tyrus" "Thompson" "NO" "OT" "11/17/91" "Oklahoma" ""
"6407" "00-0018970" "R.Meier" "Rob" "Meier" "UNK" "UNK" "8/29/77" "Washington State" ""
"6408" "00-0026420" "G.Sharpe" "Glenn" "Sharpe" "UNK" "UNK" "2/27/84" "Miami (Fla.)" ""
"6409" "00-0029552" "J.Ebert" "Jeremy" "Ebert" "UNK" "UNK" "4/6/89" "Northwestern" ""
"6410" "00-0029553" "A.Allen" "Antonio" "Allen" "HOU" "DB" "9/23/88" "South Carolina" ""
"6411" "00-0029550" "" "Tim" "Fugger" "UNK" "UNK" "7/1/89" "Vanderbilt" ""
"6412" "00-0029551" "N.Potter" "Nate" "Potter" "UNK" "UNK" "5/16/88" "Boise State" ""
"6413" "00-0026868" "J.Bates" "Jackie" "Bates" "UNK" "UNK" "10/12/86" "Hampton" ""
"6414" "00-0026866" "K.Gerard" "K.J." "Gerard" "UNK" "UNK" "4/22/86" "Northern Arizona" ""
"6415" "00-0026865" "D.Willy" "Drew" "Willy" "UNK" "UNK" "11/13/86" "Buffalo" ""
"6416" "00-0026864" "I.Williams" "Isaiah" "Williams" "UNK" "UNK" "1/30/87" "Maryland" ""
"6417" "00-0026862" "W.VanDeSteeg" "William" "VanDeSteeg" "UNK" "UNK" "9/22/85" "Minnesota" ""
"6418" "00-0026860" "E.Riley" "Eron" "Riley" "UNK" "UNK" "8/5/87" "Duke" ""
"6419" "00-0030006" "M.Neloms" "Martavius" "Neloms" "UNK" "UNK" "9/4/91" "Kentucky" ""
"6420" "00-0029004" "L.Dunbar" "Lance" "Dunbar" "DAL" "RB" "1/25/90" "North Texas" ""
"6421" "00-0029005" "" "Harland" "Gunn" "UNK" "UNK" "8/30/89" "Miami (Fla.)" ""
"6422" "00-0029554" "C.Harnish" "Chandler" "Harnish" "UNK" "UNK" "7/28/88" "Northern Illinois" ""
"6423" "00-0029555" "D.Hrapmann" "Danny" "Hrapmann" "UNK" "UNK" "4/21/89" "Southern Mississippi" ""
"6424" "00-0029008" "" "Charley" "Hughlett" "CLE" "LS" "5/16/90" "Central Florida" ""
"6425" "00-0029009" "D.Kemp" "Donavon" "Kemp" "UNK" "UNK" "12/29/88" "Texas-El Paso" ""
"6426" "00-0029558" "A.Lewis" "Armahd" "Lewis" "UNK" "UNK" "2/29/88" "Central Washington" ""
"6427" "00-0029559" "Q.Coples" "Quinton" "Coples" "UNK" "UNK" "6/22/90" "North Carolina" ""
"6428" "00-0025448" "G.Alexander" "Gerald" "Alexander" "UNK" "UNK" "6/28/84" "Boise State" ""
"6429" "00-0025444" "V.Abiamiri" "Victor" "Abiamiri" "UNK" "UNK" "1/14/86" "Notre Dame" ""
"6430" "00-0025445" "I.Alama-Francis" "Ikaika" "Alama-Francis" "UNK" "UNK" "12/4/84" "Hawaii" ""
"6431" "00-0025446" "R.Kalil" "Ryan" "Kalil" "CAR" "C" "3/29/85" "USC" ""
"6432" "00-0025447" "S.Satele" "Samson" "Satele" "UNK" "UNK" "11/29/84" "Hawaii" ""
"6433" "00-0025440" "E.Wright" "Eric" "Wright" "UNK" "UNK" "7/24/85" "Nevada-Las Vegas" ""
"6434" "00-0025441" "T.McBride" "Turk" "McBride" "UNK" "UNK" "5/30/85" "Tennessee" ""
"6435" "00-0025442" "J.Wilson" "Josh" "Wilson" "UNK" "UNK" "3/11/85" "Maryland" ""
"6436" "00-0025443" "T.Crowder" "Tim" "Crowder" "UNK" "UNK" "6/30/85" "Texas" ""
"6437" "00-0030808" "L.Kilgore" "Logan" "Kilgore" "UNK" "UNK" "5/24/90" "Middle Tennessee State" ""
"6438" "00-0030806" "" "Nic" "Jacobs" "UNK" "UNK" "10/13/91" "McNeese State" ""
"6439" "00-0030807" "S.Jones" "Seantavius" "Jones" "UNK" "UNK" "8/9/92" "Valdosta State" ""
"6440" "00-0030804" "" "Spencer" "Hadley" "UNK" "UNK" "10/30/89" "Brigham Young" ""
"6441" "00-0030805" "" "Je'Ron" "Hamm" "SF" "TE" "6/15/92" "Louisiana-Monroe" ""
"6442" "00-0030802" "B.Dixon" "Brian" "Dixon" "NO" "DB" "4/26/90" "Northwest Missouri State" ""
"6443" "00-0030803" "T.Flanders" "Timothy" "Flanders" "UNK" "UNK" "9/29/91" "Sam Houston State" ""
"6444" "00-0030800" "" "Matt" "Armstrong" "UNK" "UNK" "5/24/90" "Grand Valley State" ""
"6445" "00-0030801" "B.Coleman" "Brandon" "Coleman" "NO" "WR" "6/22/92" "Rutgers" ""
"6446" "00-0024103" "M.Owens" "Montell" "Owens" "UNK" "UNK" "5/4/84" "Maine" ""
"6447" "00-0033120" "" "Kenny" "Clark" "GB" "NT" "10/4/95" "UCLA" ""
"6448" "00-0033121" "" "B.J." "Goodson" "NYG" "OLB" "5/29/93" "Clemson" ""
"6449" "00-0024033" "M.Simmons" "Mark" "Simmons" "UNK" "UNK" "1/16/84" "Kansas" ""
"6450" "00-0024030" "T.Johnson" "Tom" "Johnson" "MIN" "DT" "8/30/84" "Southern Mississippi" ""
"6451" "00-0030005" "J.Morgan" "Jon" "Morgan" "UNK" "UNK" "12/22/89" "Albany" ""
"6452" "00-0030000" "K.Thompkins" "Kenbrell" "Thompkins" "NYJ" "WR" "7/29/88" "Cincinnati" ""
"6453" "00-0030001" "J.Vellano" "Joe" "Vellano" "NE" "DT" "10/30/88" "Maryland" ""
"6454" "00-0028036" "B.Hogan" "Brandon" "Hogan" "UNK" "UNK" "4/1/88" "West Virginia" ""
"6455" "00-0033122" "" "Shilique" "Calhoun" "OAK" "LB" "3/20/92" "Michigan State" ""
"6456" "00-0033124" "" "Will" "Redmond" "SF" "CB" "12/28/93" "Mississippi State" ""
"6457" "00-0033125" "" "Joe" "Schobert" "CLE" "OLB" "11/6/93" "Wisconsin" ""
"6458" "00-0033127" "" "Will" "Fuller" "HOU" "WR" "4/16/94" "Notre Dame" ""
"6459" "00-0033128" "" "Nolan" "Frese" "SEA" "LS" "7/29/92" "Houston" ""
"6460" "00-0033129" "" "Carl" "Nassib" "CLE" "DE" "4/12/93" "Penn State" ""
"6461" "00-0023665" "J.Fanene" "Jonathan" "Fanene" "UNK" "UNK" "3/19/82" "Utah" ""
"6462" "00-0023136" "A.Harris" "Antoine" "Harris" "UNK" "UNK" "4/8/82" "Louisville" ""
"6463" "00-0030688" "" "Asa" "Watson" "UNK" "UNK" "8/2/90" "North Carolina State" ""
"6464" "00-0027336" "B.Sewall" "Bobby" "Sewall" "UNK" "UNK" "2/29/88" "Brown" ""
"6465" "00-0027337" "P.Trahan" "Patrick" "Trahan" "UNK" "UNK" "11/7/86" "Mississippi" ""
"6466" "00-0027332" "J.Malecki" "John" "Malecki" "UNK" "UNK" "5/26/88" "Pittsburgh" ""
"6467" "00-0027333" "K.Matthews" "Kevin" "Matthews" "UNK" "UNK" "2/4/87" "Texas A&M" ""
"6468" "00-0027338" "A.Berry" "Aaron" "Berry" "UNK" "UNK" "6/25/88" "Pittsburgh" ""
"6469" "00-0027339" "R.Callaway" "Rob" "Callaway" "UNK" "UNK" "2/14/88" "Saginaw Valley State" ""
"6470" "00-0025866" "R.Wendell" "Ryan" "Wendell" "UNK" "UNK" "3/4/86" "Fresno State" ""
"6471" "00-0025864" "J.Stupar" "Jonathan" "Stupar" "UNK" "UNK" "7/24/84" "Virginia" ""
"6472" "00-0025860" "B.Green-Ellis" "BenJarvus" "Green-Ellis" "UNK" "UNK" "7/2/85" "Mississippi" ""
"6473" "00-0031041" "K.Fuller" "Kyle" "Fuller" "CHI" "CB" "2/16/92" "Virginia Tech" ""
"6474" "00-0031040" "K.Mack" "Khalil" "Mack" "OAK" "DE" "2/22/91" "Buffalo" ""
"6475" "00-0031043" "E.Ferguson" "Ego" "Ferguson" "CHI" "DE" "9/22/91" "LSU" ""
"6476" "00-0031042" "J.Amaro" "Jace" "Amaro" "NYJ" "TE" "6/26/92" "Texas Tech" ""
"6477" "00-0031045" "C.Hyde" "Carlos" "Hyde" "SF" "RB" "9/20/90" "Ohio State" ""
"6478" "00-0031044" "T.Niklas" "Troy" "Niklas" "ARI" "TE" "9/18/92" "Notre Dame" ""
"6479" "00-0031047" "" "Spencer" "Long" "WAS" "G" "11/8/90" "Nebraska" ""
"6480" "00-0031046" "" "Jack" "Mewhort" "IND" "OG" "8/30/91" "Ohio State" ""
"6481" "00-0031049" "" "Louis" "Nix" "NYG" "DT" "7/31/91" "Notre Dame" ""
"6482" "00-0031048" "W.Sutton" "Will" "Sutton" "CHI" "DE" "10/3/91" "Arizona State" ""
"6483" "00-0032650" "" "Ryan" "Malleck" "NYG" "TE" "7/22/93" "Virginia Tech" ""
"6484" "00-0032653" "" "K.J." "Maye" "UNK" "UNK" "2/25/94" "Minnesota" ""
"6485" "00-0032652" "" "Herb" "Waters" "GB" "WR" "11/10/92" "Miami (Fla.)" ""
"6486" "00-0032655" "" "Romeo" "Okwara" "NYG" "DE" "6/17/95" "Notre Dame" ""
"6487" "00-0032654" "" "Greg" "Milhouse" "UNK" "UNK" "7/15/94" "Campbell" ""
"6488" "00-0002123" "T.Bruschi" "Tedy" "Bruschi" "UNK" "UNK" "6/9/73" "Arizona" ""
"6489" "00-0028034" "A.Green" "Alex" "Green" "UNK" "UNK" "6/23/88" "Hawaii" ""
"6490" "00-0028035" "S.Fua" "Sione" "Fua" "UNK" "UNK" "6/15/88" "Stanford" ""
"6491" "00-0028032" "K.Ellis" "Kenrick" "Ellis" "MIN" "DT" "12/10/87" "Hampton" ""
"6492" "00-0028033" "C.Brown" "Curtis" "Brown" "UNK" "UNK" "9/24/88" "Texas" ""
"6493" "00-0028030" "J.Barksdale" "Joe" "Barksdale" "SD" "T" "1/4/88" "LSU" ""
"6494" "00-0028031" "C.Conte" "Chris" "Conte" "TB" "SS" "2/23/89" "California" ""
"6495" "00-0029896" "A.Mellette" "Aaron" "Mellette" "UNK" "UNK" "12/28/89" "Elon" ""
"6496" "00-0032657" "" "Mike" "Rose" "UNK" "UNK" "7/23/92" "North Carolina State" ""
"6497" "00-0032656" "" "Darius" "Powe" "NYG" "WR" "3/15/94" "California" ""
"6498" "00-0032659" "" "Roger" "Lewis" "NYG" "WR" "11/27/93" "Bowling Green State" ""
"6499" "00-0029971" "" "Jasper" "Collins" "UNK" "UNK" "11/28/91" "Mount Union" ""
"6500" "00-0023546" "E.Brown" "Elton" "Brown" "UNK" "UNK" "5/22/82" "Virginia" ""
"6501" "00-0032389" "" "Mackensie" "Alexander" "MIN" "CB" "11/12/93" "Clemson" ""
"6502" "00-0032388" "" "Deion" "Jones" "ATL" "OLB" "11/4/94" "LSU" ""
"6503" "00-0023543" "V.Fuller" "Vincent" "Fuller" "UNK" "UNK" "8/3/82" "Virginia Tech" ""
"6504" "00-0023542" "D.Buenning" "Dan" "Buenning" "UNK" "UNK" "10/26/81" "Wisconsin" ""
"6505" "00-0023541" "K.Orton" "Kyle" "Orton" "UNK" "UNK" "11/14/82" "Purdue" ""
"6506" "00-0023540" "R.Willis" "Ray" "Willis" "UNK" "UNK" "8/13/82" "Florida State" ""
"6507" "00-0032383" "" "Ryan" "Kelly" "IND" "C" "5/30/93" "Alabama" ""
"6508" "00-0032382" "" "Keanu" "Neal" "ATL" "SS" "7/26/95" "Florida" ""
"6509" "00-0032381" "" "Taylor" "Decker" "DET" "OT" "8/23/93" "Ohio State" ""
"6510" "00-0032380" "" "Laremy" "Tunsil" "MIA" "OT" "8/2/94" "Mississippi" ""
"6511" "00-0032387" "" "Jarran" "Reed" "SEA" "DT" "12/16/92" "Alabama" ""
"6512" "00-0032386" "" "Kamalei" "Correa" "BAL" "LB" "4/27/94" "Boise State" ""
"6513" "00-0032385" "" "Sterling" "Shepard" "NYG" "WR" "2/10/93" "Oklahoma" ""
"6514" "00-0032384" "" "Germain" "Ifedi" "SEA" "OG" "6/2/94" "Texas A&M" ""
"6515" "00-0030396" "" "Freddie" "Bishop" "NYJ" "LB" "2/25/90" "Western Michigan" ""
"6516" "00-0030394" "Z.Dysert" "Zac" "Dysert" "MIA" "QB" "2/8/90" "Miami (Ohio)" ""
"6517" "00-0030395" "D.Jones" "Don" "Jones" "CLE" "DB" "5/14/90" "Arkansas State" ""
"6518" "00-0030392" "M.Mauti" "Michael" "Mauti" "NO" "OLB" "1/19/90" "Penn State" ""
"6519" "00-0030393" "E.Dawkins" "Everett" "Dawkins" "UNK" "UNK" "6/13/90" "Florida State" ""
"6520" "00-0030390" "C.Sturgis" "Caleb" "Sturgis" "PHI" "K" "8/9/89" "Florida" ""
"6521" "00-0030391" "M.James" "Mike" "James" "TB" "RB" "4/13/91" "Miami (Fla.)" ""
"6522" "00-0017813" "Ja.Williams" "Jamal" "Williams" "UNK" "UNK" "4/28/76" "Oklahoma State" ""
"6523" "00-0030398" "" "Kyle" "Auffray" "UNK" "UNK" "12/27/86" "New Hampshire" ""
"6524" "00-0030399" "J.Schepler" "Jason" "Schepler" "UNK" "UNK" "2/6/90" "Northern Illinois" ""
"6525" "00-0017162" "H.Ward" "Hines" "Ward" "UNK" "UNK" "3/8/76" "Georgia" ""
"6526" "00-0029743" "H.Rugland" "Havard" "Rugland" "UNK" "UNK" "10/7/84" "No College" ""
"6527" "00-0029965" "C.Barker" "Chris" "Barker" "NE" "OG" "8/3/90" "Nevada" ""
"6528" "00-0028039" "C.Boling" "Clint" "Boling" "CIN" "G" "5/9/89" "Georgia" ""
"6529" "00-0030477" "S.Nealy" "Spencer" "Nealy" "UNK" "UNK" "12/8/89" "Texas A&M" ""
"6530" "00-0030476" "G.Gilkey" "Garrett" "Gilkey" "TB" "T" "7/9/90" "Chadron State" ""
"6531" "00-0030475" "M.Buchanan" "Michael" "Buchanan" "UNK" "UNK" "1/24/91" "Illinois" ""
"6532" "00-0030474" "J.Boyce" "Josh" "Boyce" "UNK" "UNK" "5/6/91" "Texas Christian" ""
"6533" "00-0030473" "S.Montgomery" "Sam" "Montgomery" "UNK" "UNK" "5/25/90" "LSU" ""
"6534" "00-0030472" "J.Reed" "Jordan" "Reed" "WAS" "TE" "7/3/90" "Florida" ""
"6535" "00-0030471" "S.Williams" "Shawn" "Williams" "CIN" "SS" "5/13/91" "Georgia" ""
"6536" "00-0029976" "" "Ina" "Liaina" "UNK" "UNK" "1/3/90" "San Jose State" ""
"6537" "00-0032502" "" "Lamar" "Louis" "ARI" "LB" "10/2/93" "LSU" ""
"6538" "00-0030028" "D.Hinds" "David" "Hinds" "UNK" "UNK" "2/25/90" "Florida Atlantic" ""
"6539" "00-0026883" "T.Hill" "Tommie" "Hill" "UNK" "UNK" "11/28/85" "Colorado State" ""
"6540" "00-0026885" "M.Simon" "Matt" "Simon" "UNK" "UNK" "12/4/85" "Northern Illinois" ""
"6541" "00-0026886" "E.Heyman" "Earl" "Heyman" "UNK" "UNK" "9/5/87" "Louisville" ""
"6542" "00-0026889" "M.Brown" "Michael" "Brown" "UNK" "UNK" "4/23/86" "Mississippi State" ""
"6543" "00-0030021" "J.Unga" "J.J." "Unga" "UNK" "UNK" "1/5/87" "Midwestern State" ""
"6544" "00-0030022" "I.Cross" "Izaan" "Cross" "UNK" "UNK" "5/1/91" "Georgia Tech" ""
"6545" "00-0030023" "J.Dangerfield" "Jordan" "Dangerfield" "PIT" "DB" "12/25/90" "Towson" ""
"6546" "00-0030024" "J.Tuel" "Jeff" "Tuel" "UNK" "UNK" "2/12/91" "Washington State" ""
"6547" "00-0030025" "L.Okoye" "Lawrence" "Okoye" "DAL" "DE" "10/6/91" "No College" ""
"6548" "00-0030026" "" "Alex" "Debniak" "UNK" "UNK" "1/5/90" "Stanford" ""
"6549" "00-0030027" "K.Greene" "Khaseem" "Greene" "DET" "LB" "2/4/89" "Rutgers" ""
"6550" "00-0024017" "P.Woods" "Pierre" "Woods" "UNK" "UNK" "1/6/82" "Michigan" ""
"6551" "00-0024011" "M.Bell" "Mike" "Bell" "UNK" "UNK" "4/23/83" "Arizona" ""
"6552" "00-0024013" "H.Baskett" "Hank" "Baskett" "UNK" "UNK" "9/4/82" "New Mexico" ""
"6553" "00-0024018" "C.Mays" "Corey" "Mays" "UNK" "UNK" "11/27/83" "Notre Dame" ""
"6554" "00-0027902" "D.Bryant" "Dez" "Bryant" "DAL" "WR" "11/4/88" "Oklahoma State" ""
"6555" "00-0032466" "" "George" "Fant" "SEA" "OT" "7/19/92" "Western Kentucky" ""
"6556" "00-0032899" "" "Vadal" "Alexander" "OAK" "OG" "3/23/94" "LSU" ""
"6557" "00-0032898" "" "Donavon" "Clark" "SD" "OG" "11/12/92" "Michigan State" ""
"6558" "00-0032897" "" "Derek" "Watt" "SD" "FB" "11/7/92" "Wisconsin" ""
"6559" "00-0030470" "V.McDonald" "Vance" "McDonald" "SF" "TE" "6/13/90" "Rice" ""
"6560" "00-0030479" "D.Fulton" "David" "Fulton" "UNK" "UNK" "11/30/89" "Chowan Coll. NC" ""
"6561" "00-0025253" "T.Jones" "Tiger" "Jones" "UNK" "UNK" "5/21/82" "Louisville" ""
"6562" "00-0026787" "K.Heckendorf" "Kole" "Heckendorf" "UNK" "UNK" "11/20/85" "North Dakota State" ""
"6563" "00-0026784" "E.Dietrich-Smith" "Evan" "Smith" "TB" "OG" "7/19/86" "Idaho State" ""
"6564" "00-0029928" "E.Highsmith" "Erik" "Highsmith" "UNK" "UNK" "11/20/90" "North Carolina" ""
"6565" "00-0026782" "M.Turkovich" "Michael" "Turkovich" "UNK" "UNK" "11/27/86" "Notre Dame" ""
"6566" "00-0026783" "C.Butler" "Carson" "Butler" "UNK" "UNK" "8/21/87" "Michigan" ""
"6567" "00-0029892" "K.Juszczyk" "Kyle" "Juszczyk" "BAL" "FB" "4/23/91" "Harvard" ""
"6568" "00-0026781" "A.Schwapp" "Asaph" "Schwapp" "UNK" "UNK" "1/26/87" "Notre Dame" ""
"6569" "00-0029923" "J.Woods" "J.D." "Woods" "UNK" "UNK" "2/7/90" "West Virginia" ""
"6570" "00-0029922" "A.White" "Anthony Rashad" "White" "UNK" "UNK" "8/2/89" "Michigan State" ""
"6571" "00-0032896" "" "Drew" "Kaser" "SD" "P" "2/11/93" "Texas A&M" ""
"6572" "00-0032895" "" "Jatavis" "Brown" "SD" "OLB" "2/18/94" "Akron" ""
"6573" "00-0032894" "" "Joshua" "Perry" "SD" "ILB" "4/26/94" "Ohio State" ""
"6574" "00-0032893" "" "Connor" "Cook" "OAK" "QB" "1/29/93" "Michigan State" ""
"6575" "00-0032892" "" "Nick" "Vigil" "CIN" "ILB" "8/20/93" "Utah State" ""
"6576" "00-0032891" "" "Daryl" "Worley" "CAR" "CB" "2/22/95" "West Virginia" ""
"6577" "00-0032890" "" "James" "Bradberry" "CAR" "CB" "8/4/93" "Samford" ""
"6578" "00-0032464" "" "Kalif" "Raymond" "DEN" "WR" "8/8/94" "Holy Cross" ""
"6579" "00-0028018" "C.Culliver" "Chris" "Culliver" "MIA" "DB" "8/17/88" "South Carolina" ""
"6580" "00-0028019" "D.Van Dyke" "DeMarcus" "Van Dyke" "ATL" "DB" "1/17/89" "Miami (Fla.)" ""
"6581" "00-0028548" "T.Toliver" "Terrence" "Toliver" "UNK" "UNK" "5/7/88" "LSU" ""
"6582" "00-0028549" "R.Taylor" "Ryan" "Taylor" "UNK" "UNK" "8/29/88" "UCLA" ""
"6583" "00-0028010" "M.Wilson" "Martez" "Wilson" "UNK" "UNK" "9/21/88" "Illinois" ""
"6584" "00-0028547" "J.Teague" "Jason" "Teague" "UNK" "UNK" "8/1/88" "Texas Christian" ""
"6585" "00-0028012" "R.Mallett" "Ryan" "Mallett" "BAL" "QB" "6/5/88" "Arkansas" ""
"6586" "00-0028545" "Z.Pauga" "Zac" "Pauga" "UNK" "UNK" "2/25/88" "Colorado State" ""
"6587" "00-0028014" "W.Rackley" "Will" "Rackley" "UNK" "UNK" "10/11/89" "Lehigh" ""
"6588" "00-0028543" "J.Maehl" "Jeff" "Maehl" "UNK" "UNK" "3/16/89" "Oregon" ""
"6589" "00-0028540" "B.Hartmann" "Brett" "Hartmann" "UNK" "UNK" "8/17/87" "Central Michigan" ""
"6590" "00-0029927" "D.Eubanks" "Darius" "Eubanks" "UNK" "UNK" "7/12/91" "Georgia Southern" ""
"6591" "00-0029926" "N.Edwards" "Nicholas" "Edwards" "UNK" "UNK" "12/23/89" "Eastern Washington" ""
"6592" "00-0029925" "B.Bishop" "Brandan" "Bishop" "UNK" "UNK" "1/23/91" "North Carolina State" ""
"6593" "00-0029924" "C.Anderson" "Colin" "Anderson" "UNK" "UNK" "11/21/89" "Furman" ""
"6594" "00-0032529" "" "Johnny" "Maxey" "PIT" "DT" "10/19/93" "Mars Hill" ""
"6595" "00-0032528" "" "Justin" "Murray" "DEN" "OT" "4/19/93" "Cincinnati" ""
"6596" "00-0028017" "L.Hankerson" "Leonard" "Hankerson" "UNK" "UNK" "1/30/89" "Miami (Fla.)" ""
"6597" "00-0029768" "E.Stevens" "Eric" "Stevens" "UNK" "UNK" "10/1/89" "California" ""
"6598" "00-0029949" "" "Stephane" "Milhim" "UNK" "UNK" "11/20/90" "Massachusetts" ""
"6599" "00-0029948" "J.Miles" "Jamal" "Miles" "UNK" "UNK" "2/28/91" "Arizona State" ""
"6600" "00-0029945" "P.Hazel" "Paul" "Hazel" "UNK" "UNK" "5/4/90" "Western Michigan" ""
"6601" "00-0029760" "K.Taufa'asau" "Kurt" "Taufa'asau" "UNK" "UNK" "9/18/90" "Wyoming" ""
"6602" "00-0029763" "D.Williams" "Deonte" "Williams" "UNK" "UNK" "7/9/90" "Cal Poly-S.L.O." ""
"6603" "00-0029762" "J.Wetzel" "John" "Wetzel" "ARI" "OT" "7/18/91" "Boston College" ""
"6604" "00-0029941" "M.Bomar" "Maalik" "Bomar" "UNK" "UNK" "8/1/90" "Cincinnati" ""
"6605" "00-0029940" "T.Barnes" "T.J." "Barnes" "UNK" "UNK" "6/14/90" "Georgia Tech" ""
"6606" "00-0029766" "" "Jorgen" "Hus" "UNK" "UNK" "9/12/89" "Regina (Canada)" ""
"6607" "00-0020578" "M.Bryant" "Matt" "Bryant" "ATL" "K" "5/29/75" "Baylor" ""
"6608" "00-0032462" "" "Trevone" "Boykin" "SEA" "QB" "8/22/93" "Texas Christian" ""
"6609" "00-0020571" "C.Hart" "Clinton" "Hart" "UNK" "UNK" "7/20/77" "Central Florida CC" ""
"6610" "00-0031816" "" "Tyler" "Murphy" "UNK" "UNK" "1/12/92" "Boston College" ""
"6611" "00-0031814" "" "Matt" "Longacre" "UNK" "UNK" "9/21/91" "Northwest Missouri State" ""
"6612" "00-0031815" "" "Cameron" "Lynch" "UNK" "UNK" "8/4/93" "Syracuse" ""
"6613" "00-0031810" "" "Montell" "Garner" "PIT" "DB" "2/12/93" "South Alabama" ""
"6614" "00-0031811" "" "Jacob" "Hagen" "UNK" "UNK" "3/16/92" "Liberty" ""
"6615" "00-0031818" "" "Bradley" "Marquez" "UNK" "UNK" "12/14/92" "Texas Tech" ""
"6616" "00-0031819" "" "Tyler" "Slavin" "SEA" "WR" "1/29/92" "New Mexico Highlands" ""
"6617" "00-0021192" "D.Branch" "Deion" "Branch" "UNK" "UNK" "7/18/79" "Louisville" ""
"6618" "00-0021190" "A.Randle El" "Antwaan Randle" "El" "UNK" "UNK" "8/17/79" "Indiana" ""
"6619" "00-0021191" "A.Bryant" "Antonio" "Bryant" "UNK" "UNK" "3/9/81" "Pittsburgh" ""
"6620" "00-0021197" "B.Leber" "Ben" "Leber" "UNK" "UNK" "12/7/78" "Kansas State" ""
"6621" "00-0021194" "A.Goodman" "Andre'" "Goodman" "UNK" "UNK" "8/11/78" "South Carolina" ""
"6622" "00-0024653" "N.Bennett" "Nathan" "Bennett" "UNK" "UNK" "1/19/84" "Clemson" ""
"6623" "00-0024659" "B.Latsko" "Billy" "Latsko" "UNK" "UNK" "2/16/84" "Florida" ""
"6624" "00-0022434" "C.Davis" "Carey" "Davis" "UNK" "UNK" "3/27/81" "Illinois" ""
"6625" "00-0021228" "A.Brown" "Alex" "Brown" "UNK" "UNK" "6/4/79" "Florida" ""
"6626" "00-0021229" "B.Williams" "Brian" "Williams" "UNK" "UNK" "7/2/79" "North Carolina State" ""
"6627" "00-0021224" "D.Wesley" "Dante" "Wesley" "UNK" "UNK" "4/5/79" "Arkansas-Pine Bluff" ""
"6628" "00-0032526" "" "David" "Moala" "UNK" "UNK" "12/30/92" "Utah State" ""
"6629" "00-0032523" "" "Henry" "Krieger Coble" "DEN" "TE" "6/12/92" "Iowa" ""
"6630" "00-0025789" "C.Patrick" "Chris" "Patrick" "UNK" "UNK" "8/22/84" "Nebraska" ""
"6631" "00-0025788" "P.Oliver" "Paul" "Oliver" "UNK" "UNK" "3/30/84" "Georgia" ""
"6632" "00-0029891" "" "Lowell" "Rose" "UNK" "UNK" "3/11/90" "Tulsa" ""
"6633" "00-0025780" "K.Williams" "Kyle" "Williams" "UNK" "UNK" "3/19/84" "USC" ""
"6634" "00-0025787" "J.Gaither" "Jared" "Gaither" "UNK" "UNK" "3/18/86" "Maryland" ""
"6635" "00-0025786" "J.Kapinos" "Jeremy" "Kapinos" "UNK" "UNK" "8/23/84" "Penn State" ""
"6636" "00-0021225" "K.Bentley" "Kevin" "Bentley" "UNK" "UNK" "12/29/79" "Northwestern" ""
"6637" "00-0026506" "M.Lucas" "Maurice" "Lucas" "UNK" "UNK" "3/26/87" "Colorado" ""
"6638" "00-0021227" "J.Peelle" "Justin" "Peelle" "UNK" "UNK" "3/15/79" "Oregon" ""
"6639" "00-0026500" "M.Slauson" "Matt" "Slauson" "SD" "G" "2/18/86" "Nebraska" ""
"6640" "00-0026501" "C.Taylor" "Curtis" "Taylor" "UNK" "UNK" "7/13/85" "LSU" ""
"6641" "00-0021222" "C.Wire" "Coy" "Wire" "UNK" "UNK" "11/7/78" "Stanford" ""
"6642" "00-0026503" "D.Mougey" "Darren" "Mougey" "UNK" "UNK" "4/7/85" "San Diego State" ""
"6643" "00-0027103" "K.Huber" "Kevin" "Huber" "CIN" "P" "7/16/85" "Cincinnati" ""
"6644" "00-0027102" "K.McKinley" "Kenny" "McKinley" "UNK" "UNK" "1/31/87" "South Carolina" ""
"6645" "00-0027101" "C.Brown" "Colin" "Brown" "UNK" "UNK" "8/29/85" "Missouri" ""
"6646" "00-0027100" "T.Taylor" "Terrance" "Taylor" "UNK" "UNK" "5/14/86" "Michigan" ""
"6647" "00-0027107" "N.Harris" "Nic" "Harris" "UNK" "UNK" "10/6/86" "Oklahoma" ""
"6648" "00-0027106" "Q.Johnson" "Quinn" "Johnson" "UNK" "UNK" "9/30/86" "LSU" ""
"6649" "00-0027105" "J.Dillard" "Jarett" "Dillard" "UNK" "UNK" "12/21/85" "Rice" ""
"6650" "00-0027104" "D.Smith" "DeAngelo" "Smith" "UNK" "UNK" "7/17/86" "Cincinnati" ""
"6651" "00-0027109" "J.Casey" "James" "Casey" "UNK" "UNK" "9/22/84" "Rice" ""
"6652" "00-0027108" "J.Brinkley" "Jasper" "Brinkley" "NYG" "MLB" "7/12/85" "South Carolina" ""
"6653" "00-0022554" "J.Thomas" "Josh" "Thomas" "UNK" "UNK" "6/26/81" "Syracuse" ""
"6654" "00-0015080" "A.Smith" "Aaron" "Smith" "UNK" "UNK" "4/19/76" "Northern Colorado" ""
"6655" "00-0030256" "T.Mobley" "Tori" "Mobley" "UNK" "UNK" "10/3/89" "Jacksonville State" ""
"6656" "00-0030255" "M.Lineberry" "Morgan" "Lineberry" "UNK" "UNK" "1/25/91" "Abilene Christian" ""
"6657" "00-0030254" "R.Lester" "Robert" "Lester" "UNK" "UNK" "4/30/88" "Alabama" ""
"6658" "00-0030251" "W.Horton" "Wes" "Horton" "CAR" "DE" "1/18/90" "USC" ""
"6659" "00-0030259" "M.White" "Melvin" "White" "UNK" "UNK" "6/26/90" "Louisiana-Lafayette" ""
"6660" "00-0030258" "C.Walker" "Casey" "Walker" "BUF" "DT" "12/6/89" "Oklahoma" ""
"6661" "00-0022888" "B.McCray" "Bobby" "McCray" "UNK" "UNK" "8/8/81" "Florida" ""
"6662" "00-0022886" "C.Cramer" "Casey" "Cramer" "UNK" "UNK" "1/5/82" "Dartmouth" ""
"6663" "00-0022882" "M.Jones" "Mark" "Jones" "UNK" "UNK" "11/3/80" "Tennessee" ""
"6664" "00-0029258" "D.Still" "Devon" "Still" "HOU" "DT" "7/11/89" "Penn State" ""
"6665" "00-0031878" "" "Robertson" "Daniel" "GB" "DB" "10/2/91" "Brigham Young" ""
"6666" "00-0029639" "J.Fleming" "Jamell" "Fleming" "KC" "CB" "5/5/89" "Oklahoma" ""
"6667" "00-0031875" "" "Brandon" "Wegher" "CAR" "RB" "12/9/90" "Morningside" ""
"6668" "00-0031876" "" "Matt" "Wile" "DAL" "K" "6/20/92" "Michigan" ""
"6669" "00-0031877" "" "Takoby" "Cofield" "WAS" "OT" "1/22/92" "Duke" ""
"6670" "00-0031870" "" "Dean" "Marlowe" "CAR" "FS" "7/25/92" "James Madison" ""
"6671" "00-0029708" "K.Wright" "Kendall" "Wright" "TEN" "WR" "11/12/89" "Baylor" ""
"6672" "00-0029255" "B.Wagner" "Bobby" "Wagner" "SEA" "MLB" "6/27/90" "Utah State" ""
"6673" "00-0010341" "P.Mannelly" "Patrick" "Mannelly" "UNK" "UNK" "4/18/75" "Duke" ""
"6674" "00-0010346" "P.Manning" "Peyton" "Manning" "UNK" "UNK" "3/24/76" "Tennessee" ""
"6675" "00-0029254" "A.Silatolu" "Amini" "Silatolu" "CHI" "OG" "9/16/88" "Midwestern State" ""
"6676" "00-0032935" "" "Johnny" "Holton" "OAK" "WR" "8/22/90" "Cincinnati" ""
"6677" "00-0029704" "D.Muhammad" "Dre" "Muhammad" "UNK" "UNK" "9/8/88" "Indiana" ""
"6678" "00-0031258" "J.Attaochu" "Jeremiah" "Attaochu" "SD" "OLB" "1/17/93" "Georgia Tech" ""
"6679" "00-0031259" "" "Aaron" "Colvin" "UNK" "UNK" "10/2/91" "Oklahoma" ""
"6680" "00-0031254" "" "Denico" "Autry" "OAK" "DE" "7/15/90" "Mississippi State" ""
"6681" "00-0031255" "K.Edebali" "Kasim" "Edebali" "NO" "LB" "8/17/89" "Boston College" ""
"6682" "00-0031256" "A.Barr" "Anthony" "Barr" "MIN" "OLB" "3/18/92" "UCLA" ""
"6683" "00-0031257" "P.Richardson" "Paul" "Richardson" "SEA" "WR" "4/13/92" "Colorado" ""
"6684" "00-0031250" "" "Viondy" "Merisma" "UNK" "UNK" "6/20/91" "American International" ""
"6685" "00-0031251" "W.Wright" "Winston" "Wright" "UNK" "UNK" "3/16/91" "South Dakota State" ""
"6686" "00-0031252" "C.Holley" "Caleb" "Holley" "UNK" "UNK" "12/26/90" "East Central (OK)" ""
"6687" "00-0031253" "K.Williams" "K'Waun" "Williams" "UNK" "UNK" "7/12/91" "Pittsburgh" ""
"6688" "00-0019993" "K.Kaesviharn" "Kevin" "Kaesviharn" "UNK" "UNK" "8/29/76" "Augustana (S.D.)" ""
"6689" "00-0032048" "" "Mack" "Brown" "WAS" "RB" "9/24/91" "Florida" ""
"6690" "00-0029701" "R.Tannehill" "Ryan" "Tannehill" "MIA" "QB" "7/27/88" "Texas A&M" ""
"6691" "00-0032044" "" "J.R." "Tavai" "TEN" "OLB" "9/23/93" "USC" ""
"6692" "00-0032045" "" "Andrew" "Turzilli" "TEN" "WR" "10/13/91" "Rutgers" ""
"6693" "00-0029700" "A.Perkins" "Anthony" "Perkins" "UNK" "UNK" "1/18/89" "Colorado" ""
"6694" "00-0032041" "" "Cody" "Riggs" "TEN" "CB" "12/28/91" "Notre Dame" ""
"6695" "00-0032042" "" "Curtis" "Riley" "TEN" "CB" "7/18/92" "Fresno State" ""
"6696" "00-0032043" "" "Quinton" "Spain" "TEN" "OG" "8/7/91" "West Virginia" ""
"6697" "00-0009472" "O.Kreutz" "Olin" "Kreutz" "UNK" "UNK" "6/9/77" "Washington" ""
"6698" "00-0028226" "D.Mayo" "Deron" "Mayo" "UNK" "UNK" "3/28/88" "Old Dominion" ""
"6699" "00-0028224" "C.Harris" "Chris" "Harris" "DEN" "CB" "6/18/89" "Kansas" ""
"6700" "00-0028223" "J.Hamler" "Jamel" "Hamler" "UNK" "UNK" "12/7/88" "Fresno State" ""
"6701" "00-0028222" "A.Grant" "Adam" "Grant" "UNK" "UNK" "5/2/86" "Arizona" ""
"6702" "00-0028221" "D.Goodwin" "D'Andre" "Goodwin" "UNK" "UNK" "12/26/87" "Washington" ""
"6703" "00-0028229" "A.Sylvester" "Austin" "Sylvester" "UNK" "UNK" "4/15/88" "Washington" ""
"6704" "00-0021269" "A.Kampman" "Aaron" "Kampman" "UNK" "UNK" "11/30/79" "Iowa" ""
"6705" "00-0029721" "B.Skinner" "Bobby" "Skinner" "UNK" "UNK" "" "Montclair State" ""
"6706" "00-0029728" "" "Armond" "Armstead" "UNK" "UNK" "8/3/90" "USC" ""
"6707" "00-0028586" "D.Scafe" "Damik" "Scafe" "UNK" "UNK" "4/26/88" "Boston College" ""
"6708" "00-0026548" "M.King" "Mitch" "King" "UNK" "UNK" "5/5/86" "Iowa" ""
"6709" "00-0031871" "" "Arthur" "Miley" "CAR" "DE" "3/3/93" "Southern University" ""
"6710" "00-0023096" "N.Novak" "Nick" "Novak" "HOU" "K" "8/21/81" "Maryland" ""
"6711" "00-0028228" "J.Rogers" "James" "Rogers" "UNK" "UNK" "5/27/89" "Michigan" ""
"6712" "00-0025611" "M.Johnson" "Michael" "Johnson" "UNK" "UNK" "5/9/84" "Arizona" ""
"6713" "00-0025614" "D.Baker" "Dallas" "Baker" "UNK" "UNK" "11/10/82" "Florida" ""
"6714" "00-0031669" "" "Cody" "Clay" "UNK" "UNK" "5/4/91" "Azusa Pacific" ""
"6715" "00-0031665" "" "Zach" "Zenner" "DET" "FB" "9/13/91" "South Dakota" ""
"6716" "00-0031666" "" "Derek" "Akunne" "DAL" "LB" "8/17/93" "North Texas" ""
"6717" "00-0031661" "" "Kevin" "Snyder" "NE" "LB" "7/25/92" "Rutgers" ""
"6718" "00-0031660" "" "Casey" "Pierce" "GB" "TE" "8/12/91" "Kent State" ""
"6719" "00-0028058" "A.Henery" "Alex" "Henery" "UNK" "UNK" "8/18/87" "Nebraska" ""
"6720" "00-0021429" "C.Palmer" "Carson" "Palmer" "ARI" "QB" "12/27/79" "USC" ""
"6721" "00-0028511" "V.Taua" "Vai" "Taua" "UNK" "UNK" "10/11/88" "Nevada" ""
"6722" "00-0028042" "L.Stocker" "Luke" "Stocker" "TB" "TE" "7/17/88" "Tennessee" ""
"6723" "00-0028513" "T.Langley" "T.J." "Langley" "UNK" "UNK" "7/28/89" "Arkansas Tech" ""
"6724" "00-0028483" "C.Banks" "Cornell" "Banks" "UNK" "UNK" "1/3/86" "Fresno State" ""
"6725" "00-0028480" "C.Nelms" "Cory" "Nelms" "UNK" "UNK" "2/27/88" "Miami (Fla.)" ""
"6726" "00-0028955" "R.Lee" "Ryan" "Lee" "UNK" "UNK" "10/16/88" "Furman" ""
"6727" "00-0028954" "R.Golden" "Robert" "Golden" "PIT" "SS" "9/13/90" "Arizona" ""
"6728" "00-0028957" "A.Davis" "Austin" "Davis" "UNK" "UNK" "6/2/89" "Southern Mississippi" ""
"6729" "00-0028959" "E.Coffey" "Elliot" "Coffey" "UNK" "UNK" "12/3/89" "Baylor" ""
"6730" "00-0028958" "C.Harkey" "Cory" "Harkey" "UNK" "UNK" "6/17/90" "UCLA" ""
"6731" "00-0028488" "M.Silva" "Mana" "Silva" "UNK" "UNK" "8/17/88" "Hawaii" ""
"6732" "00-0022021" "S.Mahan" "Sean" "Mahan" "UNK" "UNK" "5/28/80" "Notre Dame" ""
"6733" "00-0029574" "J.Chapman" "Josh" "Chapman" "UNK" "UNK" "6/10/89" "Alabama" ""
"6734" "00-0029575" "R.Blanton" "Robert" "Blanton" "BUF" "DB" "9/7/89" "Notre Dame" ""
"6735" "00-0029576" "B.Walsh" "Blair" "Walsh" "MIN" "K" "1/8/90" "Georgia" ""
"6736" "00-0029577" "D.Trevathan" "Danny" "Trevathan" "CHI" "LB" "3/24/90" "Kentucky" ""
"6737" "00-0029570" "N.Ebner" "Nate" "Ebner" "NE" "DB" "12/14/88" "Ohio State" ""
"6738" "00-0029571" "K.Randall" "Kheeston" "Randall" "UNK" "UNK" "5/7/90" "Texas" ""
"6739" "00-0029572" "J.Wright" "Jarius" "Wright" "MIN" "WR" "11/25/89" "Arkansas" ""
"6740" "00-0029573" "" "Greg" "Childs" "UNK" "UNK" "3/10/90" "Arkansas" ""
"6741" "00-0027834" "J.Owens" "Jeff" "Owens" "UNK" "UNK" "10/14/86" "Georgia" ""
"6742" "00-0029578" "A.Cole" "Audie" "Cole" "MIN" "MLB" "6/1/89" "North Carolina State" ""
"6743" "00-0023090" "D.Robinson" "Derreck" "Robinson" "UNK" "UNK" "3/3/82" "Iowa" ""
"6744" "00-0027789" "D.Briscoe" "Dezmon" "Briscoe" "UNK" "UNK" "8/31/89" "Kansas" ""
"6745" "00-0027788" "T.Goethel" "Travis" "Goethel" "UNK" "UNK" "7/27/87" "Arizona State" ""
"6746" "00-0027785" "S.Smith" "Shelley" "Smith" "CHI" "G" "5/21/87" "Colorado State" ""
"6747" "00-0027784" "C.Geathers" "Clifton" "Geathers" "UNK" "UNK" "12/11/87" "South Carolina" ""
"6748" "00-0027787" "E.Sims" "Eugene" "Sims" "UNK" "UNK" "3/18/86" "West Texas A&M" ""
"6749" "00-0027786" "J.Dwyer" "Jonathan" "Dwyer" "UNK" "UNK" "7/26/89" "Georgia Tech" ""
"6750" "00-0027781" "E.Olsen" "Eric" "Olsen" "UNK" "UNK" "6/16/88" "Notre Dame" ""
"6751" "00-0027780" "N.Byham" "Nate" "Byham" "UNK" "UNK" "6/27/88" "Pittsburgh" ""
"6752" "00-0027783" "A.McCoy" "Anthony" "McCoy" "UNK" "UNK" "12/28/87" "USC" ""
"6753" "00-0029579" "T.Guyton" "Trevor" "Guyton" "UNK" "UNK" "1/9/90" "California" ""
"6754" "00-0025426" "J.Blalock" "Justin" "Blalock" "UNK" "UNK" "12/20/83" "Texas" ""
"6755" "00-0025427" "J.Beck" "John" "Beck" "UNK" "UNK" "8/21/81" "Brigham Young" ""
"6756" "00-0025424" "E.Weddle" "Eric" "Weddle" "BAL" "DB" "1/4/85" "Utah" ""
"6757" "00-0025425" "Z.Miller" "Zach" "Miller" "UNK" "UNK" "12/11/85" "Arizona State" ""
"6758" "00-0025423" "K.Kolb" "Kevin" "Kolb" "UNK" "UNK" "8/24/84" "Houston" ""
"6759" "00-0025420" "A.Branch" "Alan" "Branch" "NE" "DT" "12/29/84" "Michigan" ""
"6760" "00-0025421" "P.Posluszny" "Paul" "Posluszny" "UNK" "UNK" "10/10/84" "Penn State" ""
"6761" "00-0025428" "C.Houston" "Chris" "Houston" "UNK" "UNK" "10/18/84" "Arkansas" ""
"6762" "00-0025429" "T.Ugoh" "Tony" "Ugoh" "UNK" "UNK" "11/17/83" "Arkansas" ""
"6763" "00-0030833" "" "Josh" "Allen" "TB" "C" "12/30/91" "Louisiana-Monroe" ""
"6764" "00-0030820" "R.Heimuli" "Ricky" "Heimuli" "UNK" "UNK" "9/18/91" "Oregon" ""
"6765" "00-0030533" "M.Barkley" "Matt" "Barkley" "ARI" "QB" "9/8/90" "USC" ""
"6766" "00-0030530" "T.McDonald" "T.J." "McDonald" "UNK" "UNK" "1/26/91" "USC" ""
"6767" "00-0030823" "" "Reggie" "Jordan" "UNK" "UNK" "7/3/91" "Missouri Western State" ""
"6768" "00-0030824" "C.Loston" "Craig" "Loston" "UNK" "UNK" "12/21/89" "LSU" ""
"6769" "00-0030825" "S.Morris" "Stephen" "Morris" "IND" "QB" "8/27/92" "Miami (Fla.)" ""
"6770" "00-0029688" "D.Poe" "Dontari" "Poe" "KC" "NT" "8/18/90" "Memphis" ""
"6771" "00-0029689" "D.Allen" "Dwayne" "Allen" "IND" "TE" "2/24/90" "Clemson" ""
"6772" "00-0030828" "D.Tialavea" "D.J." "Tialavea" "ATL" "TE" "7/27/91" "Utah State" ""
"6773" "00-0029687" "M.Kalil" "Matt" "Kalil" "MIN" "T" "7/6/89" "USC" ""
"6774" "00-0029684" "B.Thompson" "Brandon" "Thompson" "CIN" "DT" "10/19/89" "Clemson" ""
"6775" "00-0030539" "D.Gratz" "Dwayne" "Gratz" "UNK" "UNK" "3/8/90" "Connecticut" ""
"6776" "00-0029682" "B.Osweiler" "Brock" "Osweiler" "HOU" "QB" "11/22/90" "Arizona State" ""
"6777" "00-0029683" "R.Hillman" "Ronnie" "Hillman" "DEN" "RB" "9/14/91" "San Diego State" ""
"6778" "00-0027782" "A.Tracy" "Adrian" "Tracy" "UNK" "UNK" "4/6/87" "William & Mary" ""
"6779" "00-0022089" "V.Manuwai" "Vince" "Manuwai" "UNK" "UNK" "7/12/80" "Hawaii" ""
"6780" "00-0005231" "B.Finneran" "Brian" "Finneran" "UNK" "UNK" "1/31/76" "Villanova" ""
"6781" "00-0022414" "M.Floyd" "Malcom" "Floyd" "UNK" "UNK" "9/8/81" "Wyoming" ""
"6782" "00-0026258" "X.Adibi" "Xavier" "Adibi" "UNK" "UNK" "10/18/84" "Virginia Tech" ""
"6783" "00-0026259" "J.Williams" "Jack" "Williams" "UNK" "UNK" "3/27/85" "Kent State" ""
"6784" "00-0029681" "J.Jenkins" "Janoris" "Jenkins" "NYG" "DB" "10/29/88" "North Alabama" ""
"6785" "00-0019104" "P.Lenon" "Paris" "Lenon" "UNK" "UNK" "11/26/77" "Richmond" ""
"6786" "00-0029593" "J.Martin" "Jonathan" "Martin" "UNK" "UNK" "8/19/89" "Stanford" ""
"6787" "00-0031622" "" "Bobby" "Hart" "NYG" "OT" "8/21/94" "Florida State" ""
"6788" "00-0031625" "" "Kenny" "Hilliard" "HOU" "RB" "10/3/91" "LSU" ""
"6789" "00-0031624" "" "Edmond" "Robinson" "MIN" "OLB" "2/23/92" "Newberry" ""
"6790" "00-0027358" "R.Wallace" "Roberto" "Wallace" "UNK" "UNK" "5/10/86" "San Diego State" ""
"6791" "00-0027359" "R.Weaver" "Ross" "Weaver" "UNK" "UNK" "1/9/87" "Michigan State" ""
"6792" "00-0027356" "Ma.Moore" "Marlon" "Moore" "CLE" "WR" "9/3/87" "Fresno State" ""
"6793" "00-0027355" "J.Amaya" "Jonathon" "Amaya" "UNK" "UNK" "11/25/88" "Nevada" ""
"6794" "00-0027352" "M.Komar" "Max" "Komar" "UNK" "UNK" "4/30/87" "Idaho" ""
"6795" "00-0027353" "M.Green" "Marshay" "Green" "UNK" "UNK" "1/14/86" "Mississippi" ""
"6796" "00-0027350" "A.Jefferson" "A.J." "Jefferson" "UNK" "UNK" "4/4/88" "Fresno State" ""
"6797" "00-0027351" "D.Tyler" "Devin" "Tyler" "UNK" "UNK" "7/2/86" "Temple" ""
"6798" "00-0031629" "" "Ryan" "Murphy" "DEN" "DB" "10/14/92" "Oregon State" ""
"6799" "00-0031628" "" "Darryl" "Roberts" "NE" "CB" "11/26/90" "Marshall" ""
"6800" "00-0031484" "" "Chris" "Manhertz" "NO" "TE" "4/10/92" "Canisius" ""
"6801" "00-0025841" "L.Rankin" "Louis" "Rankin" "UNK" "UNK" "5/4/85" "Washington" ""
"6802" "00-0031069" "" "David" "Yankey" "CAR" "OG" "1/18/92" "Stanford" ""
"6803" "00-0031068" "R.Grant" "Ryan" "Grant" "WAS" "WR" "12/19/90" "Tulane" ""
"6804" "00-0031063" "B.Vereen" "Brock" "Vereen" "KC" "FS" "8/17/92" "Minnesota" ""
"6805" "00-0031062" "J.White" "James" "White" "NE" "RB" "2/3/92" "Wisconsin" ""
"6806" "00-0031061" "D.Johnson" "Dontae" "Johnson" "SF" "CB" "12/1/91" "North Carolina State" ""
"6807" "00-0031060" "D.Thomas" "De'Anthony" "Thomas" "KC" "WR" "1/5/93" "Oregon" ""
"6808" "00-0031067" "" "Cameron" "Fleming" "NE" "OT" "9/3/92" "Stanford" ""
"6809" "00-0031066" "L.Taliaferro" "Lorenzo" "Taliaferro" "BAL" "RB" "12/23/91" "Coastal Carolina" ""
"6810" "00-0031065" "L.Webster" "Larry" "Webster" "CAR" "DE" "2/14/90" "Bloomsburg" ""
"6811" "00-0031064" "T.Savage" "Tom" "Savage" "HOU" "QB" "4/26/90" "Pittsburgh" ""
"6812" "00-0031489" "" "Brett" "Jones" "NYG" "C" "7/29/91" "Regina (Canada)" ""
"6813" "00-0008271" "J.Jansen" "Jon" "Jansen" "UNK" "UNK" "1/28/76" "Michigan" ""
"6814" "00-0031399" "D.Rhaney" "Demetrius" "Rhaney" "UNK" "UNK" "6/22/92" "Tennessee State" ""
"6815" "00-0031398" "M.Sam" "Michael" "Sam" "UNK" "UNK" "1/17/90" "Missouri" ""
"6816" "00-0026528" "B.Kelley" "Braxton" "Kelley" "UNK" "UNK" "10/24/86" "Kentucky" ""
"6817" "00-0026250" "S.Murphy" "Shawn" "Murphy" "UNK" "UNK" "12/17/82" "Utah State" ""
"6818" "00-0026251" "M.Rucker" "Martin" "Rucker" "UNK" "UNK" "5/4/85" "Missouri" ""
"6819" "00-0026252" "A.Collins" "Anthony" "Collins" "UNK" "UNK" "11/2/85" "Kansas" ""
"6820" "00-0026253" "D.Lowery" "Dwight" "Lowery" "SD" "DB" "1/23/86" "San Jose State" ""
"6821" "00-0026254" "R.Corner" "Reggie" "Corner" "UNK" "UNK" "11/17/83" "Akron" ""
"6822" "00-0026255" "D.Moore" "Dre" "Moore" "UNK" "UNK" "6/9/85" "Maryland" ""
"6823" "00-0026256" "K.Iwebema" "Kenny" "Iwebema" "UNK" "UNK" "2/6/85" "Iowa" ""
"6824" "00-0031395" "G.Gilbert" "Garrett" "Gilbert" "UNK" "UNK" "7/1/91" "Southern Methodist" ""
"6825" "00-0031394" "E.Gaines" "E.J." "Gaines" "UNK" "UNK" "2/23/92" "Missouri" ""
"6826" "00-0031397" "" "Christian" "Bryant" "UNK" "UNK" "3/21/92" "Ohio State" ""
"6827" "00-0031396" "" "Mitchell" "Van Dyk" "IND" "OT" "1/2/91" "Portland State" ""
"6828" "00-0031391" "T.Mason" "Tre" "Mason" "UNK" "UNK" "8/6/93" "Auburn" ""
"6829" "00-0031390" "C.Sims" "Charles" "Sims" "TB" "RB" "9/19/90" "West Virginia" ""
"6830" "00-0031393" "M.Alexander" "Maurice" "Alexander" "UNK" "UNK" "2/16/91" "Utah State" ""
"6831" "00-0031392" "D.Archer" "Dri" "Archer" "UNK" "UNK" "8/9/91" "Kent State" ""
"6832" "00-0024469" "K.McMahan" "Kevin" "McMahan" "UNK" "UNK" "3/2/83" "Maine" ""
"6833" "00-0024460" "Q.Ganther" "Quinton" "Ganther" "UNK" "UNK" "7/15/84" "Utah" ""
"6834" "00-0024463" "B.Obomanu" "Ben" "Obomanu" "UNK" "UNK" "10/30/83" "Auburn" ""
"6835" "00-0024465" "D.Anderson" "David" "Anderson" "UNK" "UNK" "7/28/83" "Colorado State" ""
"6836" "00-0024467" "D.Tollefson" "Dave" "Tollefson" "UNK" "UNK" "7/10/82" "Northwest Missouri State" ""
"6837" "00-0024466" "M.Colston" "Marques" "Colston" "UNK" "UNK" "6/5/83" "Hofstra" ""
"6838" "00-0015474" "T.Spikes" "Takeo" "Spikes" "UNK" "UNK" "12/17/76" "Auburn" ""
"6839" "00-0024076" "D.Raiola" "Donovan" "Raiola" "UNK" "UNK" "12/13/82" "Wisconsin" ""
"6840" "00-0024077" "I.Smolko" "Isaac" "Smolko" "UNK" "UNK" "2/28/83" "Penn State" ""
"6841" "00-0024075" "C.Gordon" "Cletis" "Gordon" "UNK" "UNK" "4/23/83" "Jackson State" ""
"6842" "00-0024073" "R.Ayodele" "Remi" "Ayodele" "UNK" "UNK" "4/22/83" "Oklahoma" ""
"6843" "00-0031991" "" "DeVante" "Bausby" "CHI" "CB" "1/15/93" "Pittsburg State" ""
"6844" "00-0029958" "S.Terrell" "Steven" "Terrell" "SEA" "FS" "9/21/90" "Texas A&M" ""
"6845" "00-0023327" "G.Gibson" "Gary" "Gibson" "UNK" "UNK" "5/5/82" "Rutgers" ""
"6846" "00-0031685" "" "Cole" "Manhart" "PIT" "OG" "9/25/92" "Nebraska-Kearney" ""
"6847" "00-0032871" "" "Antwaun" "Woods" "TEN" "DT" "1/3/93" "USC" ""
"6848" "00-0032870" "" "Aldrick" "Rosas" "TEN" "K" "12/30/94" "Southern Oregon" ""
"6849" "00-0032872" "" "Jack" "Allen" "NO" "C" "9/24/92" "Michigan State" ""
"6850" "00-0032875" "" "Ken" "Crawley" "NO" "CB" "2/6/93" "Colorado" ""
"6851" "00-0032874" "" "Joseph" "Cheek" "NO" "OG" "12/2/92" "Texas A&M" ""
"6852" "00-0026257" "Q.Demps" "Quintin" "Demps" "HOU" "SS" "6/29/85" "Texas-El Paso" ""
"6853" "00-0027129" "A.Brown" "Aaron" "Brown" "UNK" "UNK" "10/10/85" "Texas Christian" ""
"6854" "00-0027128" "C.Francies" "Coye" "Francies" "UNK" "UNK" "11/15/86" "San Jose State" ""
"6855" "00-0027121" "T.Brandstater" "Tom" "Brandstater" "UNK" "UNK" "10/21/84" "Fresno State" ""
"6856" "00-0032877" "" "Marcus" "Henry" "NO" "C" "2/11/93" "Boise State" ""
"6857" "00-0032876" "" "Jordan" "Williams" "NO" "WR" "5/9/94" "Ball State" ""
"6858" "00-0032879" "" "Landon" "Turner" "NO" "OG" "5/15/93" "North Carolina" ""
"6859" "00-0032878" "" "Sione" "Houma" "UNK" "UNK" "6/21/94" "Michigan" ""
"6860" "00-0023325" "W.Curry" "Walter" "Curry" "UNK" "UNK" "6/18/81" "Albany" ""
"6861" "00-0028561" "T.Weber" "Thomas" "Weber" "UNK" "UNK" "9/27/87" "Arizona State" ""
"6862" "00-0028563" "J.Williams" "Jonathan" "Williams" "UNK" "UNK" "8/21/88" "East Carolina" ""
"6863" "00-0028564" "I.Abdul-Quddus" "Isa" "Abdul-Quddus" "MIA" "DB" "8/3/89" "Fordham" ""
"6864" "00-0028565" "A.Allen" "Armando" "Allen" "UNK" "UNK" "4/30/89" "Notre Dame" ""
"6865" "00-0028569" "B.Heath" "Brandon" "Heath" "UNK" "UNK" "7/17/88" "Louisville" ""
"6866" "00-0029211" "J.McMillian" "Jerron" "McMillian" "UNK" "UNK" "4/2/89" "Maine" ""
"6867" "00-0029210" "R.Lewis" "Ronnell" "Lewis" "UNK" "UNK" "9/17/90" "Oklahoma" ""
"6868" "00-0029213" "Ch. Greenwood" "Chris" "Greenwood" "UNK" "UNK" "7/10/89" "Albion" ""
"6869" "00-0029212" "T.Whitehead" "Tahir" "Whitehead" "DET" "OLB" "4/2/90" "Temple" ""
"6870" "00-0029963" "" "Chris" "Hubbard" "PIT" "G" "4/23/91" "Alabama-Birmingham" ""
"6871" "00-0029962" "M.Zimmer" "Mike" "Zimmer" "UNK" "UNK" "9/23/90" "Illinois State" ""
"6872" "00-0029745" "" "Sederrik" "Cunningham" "UNK" "UNK" "7/14/89" "Furman" ""
"6873" "00-0029216" "J.Green" "Jonte" "Green" "UNK" "UNK" "7/19/89" "New Mexico State" ""
"6874" "00-0029219" "B.Coleman" "B.J." "Coleman" "UNK" "UNK" "9/16/88" "Tennessee-Chattanooga" ""
"6875" "00-0029218" "D.Paulson" "David" "Paulson" "UNK" "UNK" "2/22/89" "Oregon" ""
"6876" "00-0029968" "C.Bumphis" "Chad" "Bumphis" "UNK" "UNK" "10/18/89" "Mississippi State" ""
"6877" "00-0031838" "" "James" "Vaughters" "SD" "LB" "6/27/93" "Stanford" ""
"6878" "00-0031830" "" "Alonzo" "Harris" "UNK" "UNK" "11/9/92" "Louisiana-Lafayette" ""
"6879" "00-0031831" "" "Mitchell" "Henry" "UNK" "UNK" "12/11/92" "Western Kentucky" ""
"6880" "00-0031832" "" "Lavon" "Hooks" "PIT" "DT" "1/23/92" "Mississippi" ""
"6881" "00-0031834" "" "Larry" "Pinkard" "UNK" "UNK" "2/25/92" "Old Dominion" ""
"6882" "00-0031835" "" "Jermauria" "Rasco" "PIT" "LB" "10/5/92" "LSU" ""
"6883" "00-0007091" "M.Hasselbeck" "Matt" "Hasselbeck" "UNK" "UNK" "9/25/75" "Boston College" ""
"6884" "00-0029025" "A.Fenelus" "Antonio" "Fenelus" "UNK" "UNK" "1/15/90" "Wisconsin" ""
"6885" "00-0026742" "M.Benard" "Marcus" "Benard" "UNK" "UNK" "7/26/85" "Jackson State" ""
"6886" "00-0026744" "D.Beckwith" "Darry" "Beckwith" "UNK" "UNK" "5/15/87" "LSU" ""
"6887" "00-0026745" "C.Brinkley" "Curtis" "Brinkley" "UNK" "UNK" "9/20/85" "Syracuse" ""
"6888" "00-0026749" "A.Felder" "Anthony" "Felder" "UNK" "UNK" "3/16/87" "California" ""
"6889" "00-0021508" "G.Lewis" "Greg" "Lewis" "UNK" "UNK" "2/12/80" "Illinois" ""
"6890" "00-0024670" "K.Cook" "Kyle" "Cook" "UNK" "UNK" "7/25/83" "Michigan State" ""
"6891" "00-0027120" "J.Ringer" "Javon" "Ringer" "UNK" "UNK" "2/2/87" "Michigan State" ""
"6892" "00-0027123" "S.Adkins" "Spencer" "Adkins" "UNK" "UNK" "5/16/87" "Miami (Fla.)" ""
"6893" "00-0011970" "J.Nedney" "Joe" "Nedney" "UNK" "UNK" "3/22/73" "San Jose State" ""
"6894" "00-0027124" "D.Carey" "Don" "Carey" "DET" "SS" "2/14/87" "Norfolk State" ""
"6895" "00-0027127" "K.Ellison" "Kevin" "Ellison" "UNK" "UNK" "1/8/87" "USC" ""
"6896" "00-0027126" "C.Harris" "Cary" "Harris" "UNK" "UNK" "3/22/87" "USC" ""
"6897" "00-0024671" "B.Daniels" "Brian" "Daniels" "UNK" "UNK" "10/31/84" "Colorado" ""
"6898" "00-0024673" "D.Herron" "David" "Herron" "UNK" "UNK" "6/17/84" "Michigan State" ""
"6899" "00-0022455" "D.Muhlbach" "Don" "Muhlbach" "DET" "LS" "8/17/81" "Texas A&M" ""
"6900" "00-0033089" "" "Devon" "Bell" "UNK" "UNK" "7/4/93" "Mississippi State" ""
"6901" "00-0033088" "" "Jarvis" "Turner" "UNK" "UNK" "11/2/93" "Alcorn State" ""
"6902" "00-0033087" "" "Marquis" "Bundy" "ARI" "WR" "8/5/94" "New Mexico State" ""
"6903" "00-0033086" "" "Kyle" "Coleman" "UNK" "UNK" "9/30/93" "Arkansas-Pine Bluff" ""
"6904" "00-0033085" "" "Jerald" "Hawkins" "PIT" "OT" "10/16/93" "LSU" ""
"6905" "00-0033084" "" "Kendall" "Fuller" "WAS" "CB" "2/13/95" "Virginia Tech" ""
"6906" "00-0033083" "" "Darian" "Thompson" "NYG" "SAF" "9/22/93" "Boise State" ""
"6907" "00-0033082" "" "Lucas" "Patrick" "GB" "OG" "7/30/93" "Duke" ""
"6908" "00-0033080" "" "Seth" "Devalve" "CLE" "TE" "1/29/93" "Princeton" ""
"6909" "00-0021246" "L.Foote" "Larry" "Foote" "UNK" "UNK" "6/12/80" "Michigan" ""
"6910" "00-0026567" "M.Reilly" "Mike" "Reilly" "UNK" "UNK" "1/1/85" "Central Washington" ""
"6911" "00-0026296" "D.Dixon" "Dennis" "Dixon" "UNK" "UNK" "1/11/85" "Oregon" ""
"6912" "00-0026297" "R.Schuening" "Roy" "Schuening" "UNK" "UNK" "4/8/84" "Oregon State" ""
"6913" "00-0026562" "T.Grisham" "Tyler" "Grisham" "UNK" "UNK" "6/11/87" "Clemson" ""
"6914" "00-0026563" "T.Korte" "Tom" "Korte" "UNK" "UNK" "7/26/86" "Hillsdale" ""
"6915" "00-0026292" "L.Guion" "Letroy" "Guion" "GB" "DE" "6/21/87" "Florida State" ""
"6916" "00-0026561" "R.Foster" "Ramon" "Foster" "PIT" "G" "1/7/86" "Tennessee" ""
"6917" "00-0026298" "K.Davis" "Kellen" "Davis" "NYJ" "TE" "10/11/85" "Michigan State" ""
"6918" "00-0026299" "T.Williams" "Trae" "Williams" "UNK" "UNK" "1/30/85" "South Florida" ""
"6919" "00-0026568" "D.Richardson" "Derrick" "Richardson" "UNK" "UNK" "4/3/86" "New Mexico State" ""
"6920" "00-0026569" "A.Schantz" "Andy" "Schantz" "UNK" "UNK" "8/23/86" "Portland State" ""
"6921" "00-0027165" "A.Etukeren" "Ataefiok" "Etukeren" "UNK" "UNK" "5/10/87" "Georgetown" ""
"6922" "00-0027167" "C.Jennings" "Chris" "Jennings" "UNK" "UNK" "12/12/85" "Arizona" ""
"6923" "00-0027166" "J.Robinson" "James" "Robinson" "UNK" "UNK" "12/6/82" "Butler Co. CC PA" ""
"6924" "00-0024588" "M.Cole" "Marquice" "Cole" "UNK" "UNK" "11/1/83" "Northwestern" ""
"6925" "00-0027162" "C.Denmark" "Clarence" "Denmark" "UNK" "UNK" "9/29/85" "Arkansas-Monticello" ""
"6926" "00-0027169" "R.Manalac" "Ryan" "Manalac" "UNK" "UNK" "10/20/85" "Cincinnati" ""
"6927" "00-0024583" "S.Heyer" "Stephon" "Heyer" "UNK" "UNK" "1/16/84" "Maryland" ""
"6928" "00-0022539" "T.Kelly" "Tommy" "Kelly" "UNK" "UNK" "12/27/80" "Mississippi State" ""
"6929" "00-0030954" "D.Coleman" "Davon" "Coleman" "UNK" "UNK" "1/11/91" "Arizona State" ""
"6930" "00-0030956" "" "Andre" "Cureton" "UNK" "UNK" "7/26/91" "Cincinnati" ""
"6931" "00-0026363" "A.Brink" "Alex" "Brink" "UNK" "UNK" "6/2/85" "Washington State" ""
"6932" "00-0030279" "K.Allen" "Keenan" "Allen" "SD" "WR" "4/27/92" "California" ""
"6933" "00-0030278" "M.Te'o" "Manti" "Te'o" "SD" "ILB" "1/26/91" "Notre Dame" ""
"6934" "00-0030275" "D.Hurst" "Demontre" "Hurst" "CHI" "CB" "3/24/91" "Oklahoma" ""
"6935" "00-0030274" "M.White" "Myles" "White" "UNK" "UNK" "3/30/90" "Louisiana Tech" ""
"6936" "00-0030277" "C.Tupou" "Christian" "Tupou" "UNK" "UNK" "5/7/89" "USC" ""
"6937" "00-0030276" "" "R.J." "Webb" "UNK" "UNK" "8/24/87" "Furman" ""
"6938" "00-0030270" "G.Pena" "Gilbert" "Pena" "UNK" "UNK" "11/15/86" "Mississippi" ""
"6939" "00-0022531" "J.Peters" "Jason" "Peters" "PHI" "T" "1/22/82" "Arkansas" ""
"6940" "00-0032538" "" "DeVaunte" "Sigler" "UNK" "UNK" "5/2/92" "Jacksonville State" ""
"6941" "00-0032539" "" "Ryan" "Brown" "CIN" "DE" "6/10/94" "Mississippi State" ""
"6942" "00-0029936" "J.Vandenberg" "James" "Vandenberg" "UNK" "UNK" "11/24/89" "Iowa" ""
"6943" "00-0023729" "R.Jeanty" "Rashad" "Jeanty" "UNK" "UNK" "4/17/83" "Central Florida" ""
"6944" "00-0023728" "S.Andrus" "Shane" "Andrus" "UNK" "UNK" "10/2/80" "Murray State" ""
"6945" "00-0028760" "C.Habben" "Cody" "Habben" "UNK" "UNK" "3/21/88" "Washington" ""
"6946" "00-0009028" "J.Kasay" "John" "Kasay" "UNK" "UNK" "10/27/69" "Georgia" ""
"6947" "00-0028813" "D.Rogers" "Dean" "Rogers" "UNK" "UNK" "11/7/87" "California-Davis" ""
"6948" "00-0032405" "" "Willie" "Beavers" "MIN" "OG" "10/2/93" "Western Michigan" ""
"6949" "00-0028815" "D.Cosby" "DeMarco" "Cosby" "UNK" "UNK" "7/2/88" "Central Missouri State" ""
"6950" "00-0025986" "R.Burgess" "Rudy" "Burgess" "UNK" "UNK" "9/19/84" "Arizona State" ""
"6951" "00-0025981" "J.Finley" "J.J." "Finley" "UNK" "UNK" "1/30/85" "Oklahoma" ""
"6952" "00-0025980" "B.De La Puente" "Brian" "De La Puente" "UNK" "UNK" "5/13/85" "California" ""
"6953" "00-0025982" "L.Holmes" "Louis" "Holmes" "UNK" "UNK" "2/24/85" "Arizona" ""
"6954" "00-0032534" "" "David" "Reeves" "UNK" "UNK" "12/15/92" "Duke" ""
"6955" "00-0025988" "C.Dillon" "Charles" "Dillon" "UNK" "UNK" "1/30/86" "Washington State" ""
"6956" "00-0029939" "" "Nathan" "Williams" "UNK" "UNK" "10/16/89" "Ohio State" ""
"6957" "00-0027610" "P.Adams" "Phillip" "Adams" "UNK" "UNK" "7/20/88" "South Carolina State" ""
"6958" "00-0022864" "L.McCown" "Luke" "McCown" "NO" "QB" "7/12/81" "Louisiana Tech" ""
"6959" "00-0010634" "C.McAlister" "Chris" "McAlister" "UNK" "UNK" "6/14/77" "Arizona" ""
"6960" "00-0027924" "F.Scaccia" "Fabrizio" "Scaccia" "UNK" "UNK" "8/21/84" "No College" ""
"6961" "00-0031236" "B.Cooks" "Brandin" "Cooks" "NO" "WR" "9/25/93" "Oregon State" ""
"6962" "00-0031237" "T.Bridgewater" "Teddy" "Bridgewater" "MIN" "QB" "11/10/92" "Louisville" ""
"6963" "00-0028525" "B.Landor" "Byron" "Landor" "UNK" "UNK" "8/27/88" "Baylor" ""
"6964" "00-0030273" "L.Taylor" "Lane" "Taylor" "GB" "G" "11/22/89" "Oklahoma State" ""
"6965" "00-0030272" "J.Stoneburner" "Jake" "Stoneburner" "UNK" "UNK" "8/25/89" "Ohio State" ""
"6966" "00-0024387" "R.Doughty" "Reed" "Doughty" "UNK" "UNK" "11/4/82" "Northern Colorado" ""
"6967" "00-0001263" "M.Birk" "Matt" "Birk" "UNK" "UNK" "7/23/76" "Harvard" ""
"6968" "00-0031279" "J.Matthews" "Jake" "Matthews" "ATL" "T" "2/11/92" "Texas A&M" ""
"6969" "00-0031234" "D.Strozier" "Derrick" "Strozier" "UNK" "UNK" "10/27/90" "Tulane" ""
"6970" "00-0031235" "O.Beckham Jr." "Odell" "Beckham" "NYG" "WR" "11/5/92" "LSU" ""
"6971" "00-0031232" "" "Robert" "Nelson" "HOU" "DB" "2/16/90" "Arizona State" ""
"6972" "00-0031233" "" "Steve" "Hull" "UNK" "UNK" "7/20/90" "Illinois" ""
"6973" "00-0031231" "" "Randall" "Harris" "UNK" "UNK" "11/19/91" "Towson" ""
"6974" "00-0023918" "J.Bush" "Jarrett" "Bush" "UNK" "UNK" "5/21/84" "Utah State" ""
"6975" "00-0023669" "C.Roberson" "Chris" "Roberson" "UNK" "UNK" "6/3/83" "Eastern Michigan" ""
"6976" "00-0031238" "" "Weston" "Richburg" "NYG" "C" "7/9/91" "Colorado State" ""
"6977" "00-0031239" "S.Jean-Baptiste" "Stanley" "Jean-Baptiste" "SEA" "CB" "4/12/90" "Nebraska" ""
"6978" "00-0032026" "" "Cyril" "Lemon" "UNK" "UNK" "1/8/93" "North Texas" ""
"6979" "00-0032024" "" "Bobby" "Richardson" "NO" "DE" "11/20/92" "Indiana" ""
"6980" "00-0032025" "" "Ashaad" "Mabry" "NO" "DT" "11/4/92" "Texas-San Antonio" ""
"6981" "00-0032020" "" "Terry" "Williams" "CHI" "DT" "4/15/92" "East Carolina" ""
"6982" "00-0032021" "" "Jack" "Tabb" "UNK" "UNK" "7/29/92" "North Carolina" ""
"6983" "00-0032028" "" "Sean" "Hickey" "UNK" "UNK" "9/29/91" "Syracuse" ""
"6984" "00-0032029" "" "R.J." "Harris" "UNK" "UNK" "6/3/92" "New Hampshire" ""
"6985" "00-0031848" "" "Caushaud" "Lyons" "PIT" "DT" "1/3/93" "Tusculum" ""
"6986" "00-0026963" "C.Morrah" "Cameron" "Morrah" "UNK" "UNK" "3/18/87" "California" ""
"6987" "00-0024102" "T.McDaniel" "Tony" "McDaniel" "SEA" "DT" "1/20/85" "Tennessee" ""
"6988" "00-0030757" "M.Pennel" "Mike" "Pennel" "GB" "DE" "5/9/91" "Colorado State-Pueblo" ""
"6989" "00-0024100" "B.Iwuh" "Brian" "Iwuh" "UNK" "UNK" "3/8/84" "Colorado" ""
"6990" "00-0031646" "" "Brett" "Boyko" "SD" "OT" "8/4/92" "Nevada-Las Vegas" ""
"6991" "00-0031645" "" "Rasheed" "Bailey" "SD" "WR" "7/29/93" "Delaware Valley" ""
"6992" "00-0031643" "" "Cam" "Thomas" "UNK" "UNK" "5/5/91" "Western Kentucky" ""
"6993" "00-0031642" "" "A.J." "Tarpley" "UNK" "UNK" "4/30/92" "Stanford" ""
"6994" "00-0031640" "" "Cedric" "Reed" "MIA" "DE" "10/9/92" "Texas" ""
"6995" "00-0030583" "" "Daniel" "Adongo" "UNK" "UNK" "10/12/89" "No College" ""
"6996" "00-0030917" "C.Davis" "Chris" "Davis" "SF" "CB" "11/4/90" "Auburn" ""
"6997" "00-0030751" "J.Doughty" "Jake" "Doughty" "UNK" "UNK" "8/17/91" "Utah State" ""
"6998" "00-0023249" "D.Birmingham" "DeCori" "Birmingham" "UNK" "UNK" "11/22/82" "Arkansas" ""
"6999" "00-0028979" "K.Brown" "Kourtnei" "Brown" "TB" "DE" "4/17/89" "Clemson" ""
"7000" "00-0028978" "A.Robinson" "Adrian" "Robinson" "UNK" "UNK" "11/21/89" "Temple" ""
"7001" "00-0031272" "J.Dowling" "Jonathan" "Dowling" "BUF" "DB" "12/8/91" "Western Kentucky" ""
"7002" "00-0031273" "" "Cameron" "Brate" "TB" "TE" "7/3/91" "Harvard" ""
"7003" "00-0031270" "S.Harris" "Shelby" "Harris" "UNK" "UNK" "8/11/91" "Illinois State" ""
"7004" "00-0031271" "" "Trey" "Millard" "KC" "FB" "7/21/91" "Oklahoma" ""
"7005" "00-0031276" "" "Tyler" "Patmon" "UNK" "UNK" "1/26/91" "Oklahoma State" ""
"7006" "00-0031277" "B.Oliver" "Branden" "Oliver" "SD" "RB" "5/7/91" "Buffalo" ""
"7007" "00-0031274" "Q.Payton" "Quintin" "Payton" "UNK" "UNK" "2/24/90" "North Carolina State" ""
"7008" "00-0031275" "" "Ian" "Thompson" "UNK" "UNK" "9/14/90" "Louisiana-Lafayette" ""
"7009" "00-0023954" "S.Bowen" "Stephen" "Bowen" "UNK" "UNK" "3/28/84" "Hofstra" ""
"7010" "00-0023955" "D.Hunter" "Darrell" "Hunter" "UNK" "UNK" "11/29/83" "Miami (Ohio)" ""
"7011" "00-0024756" "M.Willis" "Matt" "Willis" "UNK" "UNK" "4/13/84" "UCLA" ""
"7012" "00-0028972" "D.Holt" "D.J." "Holt" "UNK" "UNK" "12/1/88" "California" ""
"7013" "00-0028971" "V.Meatoga" "Vaughn" "Meatoga" "UNK" "UNK" "8/19/89" "Hawaii" ""
"7014" "00-0028970" "C.Minnifield" "Chase" "Minnifield" "UNK" "UNK" "3/31/89" "Virginia" ""
"7015" "00-0028976" "W.Batson" "Will" "Batson" "UNK" "UNK" "9/8/86" "North Alabama" ""
"7016" "00-0028974" "L.Lewis" "Lance" "Lewis" "UNK" "UNK" "11/1/88" "East Carolina" ""
"7017" "00-0021746" "G.Pakulak" "Glenn" "Pakulak" "UNK" "UNK" "4/9/80" "Kentucky" ""
"7018" "00-0029519" "R.Moore" "Rennie" "Moore" "UNK" "UNK" "11/29/88" "Clemson" ""
"7019" "00-0029517" "D.Meggett" "Davin" "Meggett" "UNK" "UNK" "3/22/90" "Maryland" ""
"7020" "00-0029514" "S.Loiseau" "Shawn" "Loiseau" "UNK" "UNK" "10/10/89" "Merrimack" ""
"7021" "00-0024750" "N.Roach" "Nick" "Roach" "UNK" "UNK" "6/16/85" "Northwestern" ""
"7022" "00-0029512" "D.Johnson" "Delano" "Johnson" "UNK" "UNK" "1/13/88" "Bowie State" ""
"7023" "00-0029513" "" "Dwight" "Jones" "UNK" "UNK" "1/1/89" "North Carolina" ""
"7024" "00-0029510" "J.Grimes" "Jonathan" "Grimes" "HOU" "RB" "12/21/89" "William & Mary" ""
"7025" "00-0029511" "J.Jackson" "Jerrell" "Jackson" "UNK" "UNK" "2/6/90" "Missouri" ""
"7026" "00-0024385" "M.Hass" "Mike" "Hass" "UNK" "UNK" "1/2/83" "Oregon State" ""
"7027" "00-0028608" "T.Patterson" "Travon" "Patterson" "UNK" "UNK" "9/20/88" "Colorado" ""
"7028" "00-0028601" "B.Ross" "Brandian" "Ross" "UNK" "UNK" "9/28/89" "Youngstown State" ""
"7029" "00-0028600" "J.Lattimore" "Jamari" "Lattimore" "BUF" "LB" "10/6/88" "Middle Tennessee State" ""
"7030" "00-0028603" "T.Sherman" "Theo" "Sherman" "UNK" "UNK" "2/7/88" "James Madison" ""
"7031" "00-0028602" "B.Saine" "Brandon" "Saine" "UNK" "UNK" "12/14/88" "Ohio State" ""
"7032" "00-0028605" "V.So'oto" "Vic" "So'oto" "UNK" "UNK" "8/19/87" "Brigham Young" ""
"7033" "00-0028604" "S.Smithson" "Shaky" "Smithson" "UNK" "UNK" "8/23/87" "Utah" ""
"7034" "00-0028606" "K.Taylor" "Kerry" "Taylor" "UNK" "UNK" "2/20/89" "Arizona State" ""
"7035" "00-0032068" "" "Malcolm" "Johnson" "CLE" "FB" "8/11/92" "Mississippi State" ""
"7036" "00-0032069" "" "Derron" "Smith" "CIN" "FS" "2/4/92" "Fresno State" ""
"7037" "00-0023950" "A.Schable" "A.J." "Schable" "UNK" "UNK" "5/18/84" "South Dakota" ""
"7038" "00-0023952" "T.Washington" "Tavares" "Washington" "UNK" "UNK" "4/20/83" "Florida" ""
"7039" "00-0029943" "R.Dill" "R.J." "Dill" "UNK" "UNK" "7/26/90" "Rutgers" ""
"7040" "00-0030257" "C.Roh" "Craig" "Roh" "UNK" "UNK" "1/25/91" "Michigan" ""
"7041" "00-0026965" "D.Kinder" "Derek" "Kinder" "UNK" "UNK" "3/25/86" "Pittsburgh" ""
"7042" "00-0030514" "M.Rivera" "Mychal" "Rivera" "OAK" "TE" "9/8/90" "Tennessee" ""
"7043" "00-0030515" "S.McGee" "Stacy" "McGee" "OAK" "DT" "1/17/90" "Oklahoma" ""
"7044" "00-0030516" "B.Butler" "Brice" "Butler" "DAL" "WR" "1/29/90" "San Diego State" ""
"7045" "00-0030517" "D.Bass" "David" "Bass" "TEN" "OLB" "9/11/90" "Missouri Western State" ""
"7046" "00-0030510" "A.Schiltz" "Adam" "Schiltz" "UNK" "UNK" "6/27/90" "Emporia State" ""
"7047" "00-0030511" "B.Williams" "Brandon" "Williams" "BAL" "NT" "2/21/89" "Missouri Southern State" ""
"7048" "00-0030512" "N.Kasa" "Nick" "Kasa" "UNK" "UNK" "11/5/90" "Colorado" ""
"7049" "00-0030513" "L.Murray" "Latavius" "Murray" "OAK" "RB" "1/18/90" "Central Florida" ""
"7050" "00-0030518" "C.Lemonier" "Corey" "Lemonier" "SF" "OLB" "11/19/91" "Auburn" ""
"7051" "00-0030519" "W.Davis" "Will" "Davis" "BAL" "SS" "5/8/90" "Utah State" ""
"7052" "00-0028168" "C.Matthews" "Cliff" "Matthews" "TB" "DE" "8/5/89" "South Carolina" ""
"7053" "00-0026541" "A.Dixon" "Antonio" "Dixon" "UNK" "UNK" "7/17/85" "Miami (Fla.)" ""
"7054" "00-0030584" "E.Fisher" "Eric" "Fisher" "KC" "T" "1/5/91" "Central Michigan" ""
"7055" "00-0025408" "R.Nelson" "Reggie" "Nelson" "OAK" "DB" "9/21/83" "Florida" ""
"7056" "00-0025409" "B.Quinn" "Brady" "Quinn" "UNK" "UNK" "10/27/84" "Notre Dame" ""
"7057" "00-0020438" "T.Houshmandzadeh" "T.J." "Houshmandzadeh" "UNK" "UNK" "9/26/77" "Oregon State" ""
"7058" "00-0025400" "A.Carriker" "Adam" "Carriker" "UNK" "UNK" "5/6/84" "Nebraska" ""
"7059" "00-0025401" "D.Revis" "Darrelle" "Revis" "NYJ" "CB" "7/14/85" "Pittsburgh" ""
"7060" "00-0025402" "L.Timmons" "Lawrence" "Timmons" "PIT" "ILB" "5/14/86" "Florida State" ""
"7061" "00-0025403" "J.Harrell" "Justin" "Harrell" "UNK" "UNK" "2/14/84" "Tennessee" ""
"7062" "00-0025404" "J.Moss" "Jarvis" "Moss" "UNK" "UNK" "8/3/84" "Florida" ""
"7063" "00-0025405" "L.Hall" "Leon" "Hall" "NYG" "DB" "12/9/84" "Michigan" ""
"7064" "00-0025406" "M.Griffin" "Michael" "Griffin" "MIN" "DB" "1/4/85" "Texas" ""
"7065" "00-0025407" "A.Ross" "Aaron" "Ross" "UNK" "UNK" "9/15/82" "Texas" ""
"7066" "00-0026179" "C.Rachal" "Chilo" "Rachal" "UNK" "UNK" "3/15/86" "USC" ""
"7067" "00-0026178" "J.Carlson" "John" "Carlson" "UNK" "UNK" "5/12/84" "Notre Dame" ""
"7068" "00-0026171" "K.Phillips" "Kenny" "Phillips" "UNK" "UNK" "11/24/86" "Miami (Fla.)" ""
"7069" "00-0026170" "D.Keller" "Dustin" "Keller" "UNK" "UNK" "9/25/84" "Purdue" ""
"7070" "00-0026173" "D.Avery" "Donnie" "Avery" "UNK" "UNK" "6/12/84" "Houston" ""
"7071" "00-0026172" "P.Merling" "Phillip" "Merling" "UNK" "UNK" "4/19/85" "Clemson" ""
"7072" "00-0026175" "B.Flowers" "Brandon" "Flowers" "SD" "CB" "2/18/86" "Virginia Tech" ""
"7073" "00-0026174" "D.Thomas" "Devin" "Thomas" "UNK" "UNK" "11/15/86" "Michigan State" ""
"7074" "00-0026177" "C.Lofton" "Curtis" "Lofton" "UNK" "UNK" "6/9/86" "Oklahoma" ""
"7075" "00-0026176" "J.Nelson" "Jordy" "Nelson" "GB" "WR" "5/31/85" "Kansas State" ""
"7076" "00-0027802" "M.Rolle" "Myron" "Rolle" "UNK" "UNK" "10/30/86" "Florida State" ""
"7077" "00-0027371" "B.Turner" "Barry" "Turner" "UNK" "UNK" "1/7/87" "Nebraska" ""
"7078" "00-0027800" "S.McGee" "Scotty" "McGee" "UNK" "UNK" "12/4/86" "James Madison" ""
"7079" "00-0027801" "T.Pike (3rd QB)" "Tony" "Pike" "UNK" "UNK" "3/10/86" "Cincinnati" ""
"7080" "00-0027374" "M.Balogun" "Mike" "Balogun" "UNK" "UNK" "9/28/83" "Oklahoma" ""
"7081" "00-0027375" "T.Brock" "Tramaine" "Brock" "SF" "CB" "8/20/88" "Belhaven College" ""
"7082" "00-0027376" "J.Brown" "Jarrett" "Brown" "UNK" "UNK" "9/21/87" "West Virginia" ""
"7083" "00-0027377" "K.Kristick" "Keaton" "Kristick" "UNK" "UNK" "4/25/88" "Oregon State" ""
"7084" "00-0027378" "C.Maragos" "Chris" "Maragos" "PHI" "FS" "1/6/87" "Wisconsin" ""
"7085" "00-0027808" "W.Young" "Willie" "Young" "CHI" "OLB" "9/19/85" "North Carolina State" ""
"7086" "00-0027809" "M.Shuler" "Mickey" "Shuler" "UNK" "UNK" "10/9/86" "Penn State" ""
"7087" "00-0031009" "" "Rashad" "Lawrence" "UNK" "UNK" "6/10/92" "Northwestern" ""
"7088" "00-0031008" "S.Redd" "Silas" "Redd" "WAS" "RB" "3/1/92" "USC" ""
"7089" "00-0031007" "" "Bryan" "Shepherd" "UNK" "UNK" "3/2/91" "North Dakota State" ""
"7090" "00-0031006" "" "Robert" "Thomas" "CAR" "NT" "2/18/91" "Arkansas" ""
"7091" "00-0031001" "" "Jeff" "Janis" "GB" "WR" "6/24/91" "Saginaw Valley State" ""
"7092" "00-0031000" "T.Reilly" "Trevor" "Reilly" "NYJ" "OLB" "1/17/88" "Utah" ""
"7093" "00-0031003" "" "Kaleb" "Ramsey" "UNK" "UNK" "6/20/89" "Boston College" ""
"7094" "00-0031002" "T.Reese" "Tevin" "Reese" "UNK" "UNK" "1/2/91" "Baylor" ""
"7095" "00-0032619" "" "Tyler" "Gray" "MIA" "LB" "2/17/93" "Boise State" ""
"7096" "00-0032618" "" "Gabe" "Hughes" "UNK" "UNK" "10/15/93" "Florida Tech" ""
"7097" "00-0032615" "" "Ryan" "DiSalvo" "UNK" "UNK" "1/20/94" "San Jose State" ""
"7098" "00-0032614" "" "Joel" "Stave" "MIN" "QB" "5/16/92" "Wisconsin" ""
"7099" "00-0032617" "" "Lafayette" "Pitts" "MIA" "DB" "9/24/92" "Pittsburgh" ""
"7100" "00-0032616" "" "Marshall" "Koehn" "UNK" "UNK" "8/29/92" "Iowa" ""
"7101" "00-0032611" "" "Jhurrell" "Pressley" "MIN" "RB" "5/20/92" "New Mexico" ""
"7102" "00-0032610" "" "Denzell" "Perine" "MIN" "DE" "3/28/93" "Florida Atlantic" ""
"7103" "00-0032613" "" "Claudell" "Louis" "UNK" "UNK" "10/27/90" "Fresno State" ""
"7104" "00-0032612" "" "Brandon" "Ross" "GB" "RB" "11/9/92" "Maryland" ""
"7105" "00-0019695" "J.Peterson" "Julian" "Peterson" "UNK" "UNK" "7/28/78" "Michigan State" ""
"7106" "00-0024442" "J.Page" "Jarrad" "Page" "UNK" "UNK" "10/19/84" "UCLA" ""
"7107" "00-0024440" "R.Wright" "Rodrique" "Wright" "UNK" "UNK" "7/31/84" "Texas" ""
"7108" "00-0024447" "D.Aromashodu" "Devin" "Aromashodu" "UNK" "UNK" "5/23/84" "Auburn" ""
"7109" "00-0024448" "W.Montgomery" "Will" "Montgomery" "UNK" "UNK" "2/13/83" "Virginia Tech" ""
"7110" "00-0030352" "T.Walker" "Ty" "Walker" "UNK" "UNK" "8/25/90" "Illinois State" ""
"7111" "00-0030353" "J.Reed" "Jarvis" "Reed" "UNK" "UNK" "7/12/90" "Prairie View A&M" ""
"7112" "00-0030350" "J.Amosa" "Jonathan" "Amosa" "UNK" "UNK" "10/16/90" "Washington" ""
"7113" "00-0030351" "D.Savage" "Donte" "Savage" "UNK" "UNK" "5/5/89" "New Mexico State" ""
"7114" "00-0030357" "M.Williams" "Meshak" "Williams" "UNK" "UNK" "6/3/91" "Kansas State" ""
"7115" "00-0030354" "R.Carter" "Rashaad" "Carter" "UNK" "UNK" "10/18/89" "Tusculum" ""
"7116" "00-0030355" "M.Lee" "Moe" "Lee" "UNK" "UNK" "8/10/89" "Utah" ""
"7117" "00-0030358" "T.Stephens" "Terrence" "Stephens" "UNK" "UNK" "1/7/91" "Stanford" ""
"7118" "00-0019699" "M.Brown" "Mike" "Brown" "UNK" "UNK" "2/13/78" "Nebraska" ""
"7119" "00-0024058" "J.Chick" "John" "Chick" "UNK" "UNK" "11/20/82" "Utah State" ""
"7120" "00-0022167" "C.Crocker" "Chris" "Crocker" "UNK" "UNK" "3/9/80" "Marshall" ""
"7121" "00-0009530" "J.Kyle" "Jason" "Kyle" "UNK" "UNK" "5/12/72" "Arizona State" ""
"7122" "00-0004811" "J.Elam" "Jason" "Elam" "UNK" "UNK" "3/8/70" "Hawaii" ""
"7123" "00-0023499" "A.Terry" "Adam" "Terry" "UNK" "UNK" "9/1/82" "Syracuse" ""
"7124" "00-0023498" "M.McCoy" "Matt" "McCoy" "UNK" "UNK" "10/14/82" "San Diego State" ""
"7125" "00-0023490" "R.Parrish" "Roscoe" "Parrish" "UNK" "UNK" "7/16/82" "Miami (Fla.)" ""
"7126" "00-0023492" "J.Miller" "Justin" "Miller" "UNK" "UNK" "2/14/84" "Clemson" ""
"7127" "00-0023495" "K.Hayden" "Kelvin" "Hayden" "UNK" "UNK" "7/23/83" "Illinois" ""
"7128" "00-0023494" "J.Babineaux" "Jonathan" "Babineaux" "ATL" "NT" "10/12/81" "Iowa" ""
"7129" "00-0023497" "B.McFadden" "Bryant" "McFadden" "UNK" "UNK" "11/21/81" "Florida State" ""
"7130" "00-0023496" "V.Jackson" "Vincent" "Jackson" "TB" "WR" "1/14/83" "Northern Colorado" ""
"7131" "00-0032859" "" "Destiny" "Vaeao" "PHI" "DT" "1/15/94" "Washington State" ""
"7132" "00-0032858" "" "Quentin" "Gause" "PHI" "LB" "10/30/92" "Rutgers" ""
"7133" "00-0032853" "" "Micah" "Awe" "TB" "LB" "1/4/94" "Texas Tech" ""
"7134" "00-0032852" "" "Taani" "Tupou" "SEA" "FB" "12/13/92" "Washington" ""
"7135" "00-0032851" "" "Pete" "Robertson" "UNK" "UNK" "12/12/92" "Texas Tech" ""
"7136" "00-0032857" "" "John" "DePalma" "UNK" "UNK" "9/16/93" "West Virginia" ""
"7137" "00-0032856" "" "C.J." "Smith" "PHI" "CB" "5/10/93" "North Dakota State" ""
"7138" "00-0032855" "" "Kelby" "Johnson" "UNK" "UNK" "3/14/93" "Louisville" ""
"7139" "00-0032854" "" "Travis" "Britz" "UNK" "UNK" "1/26/94" "Kansas State" ""
"7140" "00-0031588" "" "Stefon" "Diggs" "MIN" "WR" "11/29/93" "Maryland" ""
"7141" "00-0031589" "" "Brett" "Hundley" "GB" "QB" "6/15/93" "UCLA" ""
"7142" "00-0031580" "" "Shaq" "Mason" "NE" "OG" "8/28/93" "Georgia Tech" ""
"7143" "00-0031581" "" "Mark" "Glowinski" "SEA" "OG" "5/3/92" "West Virginia" ""
"7144" "00-0031582" "" "Tray" "Walker" "UNK" "UNK" "8/5/92" "Texas Southern" ""
"7145" "00-0031583" "" "Grady" "Jarrett" "ATL" "DT" "4/28/93" "Clemson" ""
"7146" "00-0031584" "" "Adrian" "Amos" "CHI" "FS" "4/29/93" "Penn State" ""
"7147" "00-0031585" "" "MyCole" "Pruitt" "MIN" "TE" "3/24/92" "Southern Illinois" ""
"7148" "00-0031586" "" "Mykkele" "Thompson" "NYG" "DB" "4/22/93" "Texas" ""
"7149" "00-0031587" "" "Bobby" "McCain" "MIA" "CB" "8/18/93" "Memphis" ""
"7150" "00-0029725" "K.Richardson" "Kent" "Richardson" "UNK" "UNK" "4/21/87" "West Virginia" ""
"7151" "00-0029727" "J.Kelley" "Jeremy" "Kelley" "UNK" "UNK" "6/9/88" "Maine" ""
"7152" "00-0032589" "" "Cory" "Johnson" "ATL" "DT" "4/10/92" "Kentucky" ""
"7153" "00-0029722" "J.Demps" "Jeff" "Demps" "UNK" "UNK" "1/8/90" "Florida" ""
"7154" "00-0032585" "" "Will" "Ratelle" "ATL" "RB" "3/1/93" "North Dakota" ""
"7155" "00-0032586" "" "Ivan" "McLennan" "UNK" "UNK" "6/29/93" "Washington State" ""
"7156" "00-0032581" "" "Cre'von" "LeBlanc" "NE" "CB" "7/25/94" "Florida Atlantic" ""
"7157" "00-0032580" "" "Jonathan" "Jones" "NE" "CB" "9/20/93" "Auburn" ""
"7158" "00-0032583" "" "Bryce" "Williams" "NE" "TE" "2/24/93" "East Carolina" ""
"7159" "00-0032582" "" "Steven" "Scheu" "UNK" "UNK" "7/7/92" "Vanderbilt" ""
"7160" "00-0016098" "F.Taylor" "Fred" "Taylor" "UNK" "UNK" "1/27/76" "Florida" ""
"7161" "00-0032540" "" "Tra" "Carson" "CIN" "RB" "10/24/92" "Texas A&M" ""
"7162" "00-0026764" "D.Collins" "Dobson" "Collins" "UNK" "UNK" "7/12/87" "Gardner-Webb" ""
"7163" "00-0026765" "P.Egboh" "Pannel" "Egboh" "UNK" "UNK" "3/23/86" "Stanford" ""
"7164" "00-0029239" "B.Bolden" "Brandon" "Bolden" "NE" "RB" "1/26/90" "Mississippi" ""
"7165" "00-0026767" "T.Lambert" "Terrail" "Lambert" "UNK" "UNK" "12/1/85" "Notre Dame" ""
"7166" "00-0026761" "B.Rentmeester" "Bill" "Rentmeester" "UNK" "UNK" "4/25/86" "Wisconsin" ""
"7167" "00-0030989" "D.Harlan" "Deantre" "Harlan" "UNK" "UNK" "12/20/90" "Bacone" ""
"7168" "00-0026763" "D.Briggs" "Diyral" "Briggs" "UNK" "UNK" "10/31/85" "Bowling Green State" ""
"7169" "00-0029233" "C.Messina" "Carmen" "Messina" "UNK" "UNK" "9/8/88" "New Mexico" ""
"7170" "00-0030986" "E.Westbrooks" "Ethan" "Westbrooks" "UNK" "UNK" "11/15/90" "West Texas A&M" ""
"7171" "00-0030985" "" "Trey" "Watts" "UNK" "UNK" "2/13/91" "Tulsa" ""
"7172" "00-0026768" "K.Mitchell" "Khalif" "Mitchell" "UNK" "UNK" "4/7/85" "East Carolina" ""
"7173" "00-0030982" "M.Roberson" "Marcus" "Roberson" "UNK" "UNK" "10/4/92" "Florida" ""
"7174" "00-0030981" "J.Millard" "Johnny" "Millard" "UNK" "UNK" "6/5/91" "Cal Poly-Pomona" ""
"7175" "00-0030980" "" "Emmanuel" "McCray" "UNK" "UNK" "1/1/91" "Mississippi" ""
"7176" "00-0027495" "G.Johnson" "George" "Johnson" "TB" "DE" "12/11/87" "Rutgers" ""
"7177" "00-0027497" "D.Pasco" "Darrell" "Pasco" "UNK" "UNK" "5/15/87" "Georgia Southern" ""
"7178" "00-0027496" "R.Taylor" "Rendrick" "Taylor" "UNK" "UNK" "4/3/87" "Clemson" ""
"7179" "00-0027490" "B.Grant" "Bakari" "Grant" "UNK" "UNK" "6/24/87" "California-Davis" ""
"7180" "00-0027493" "B.Satele" "Brashton" "Satele" "UNK" "UNK" "11/8/87" "Hawaii" ""
"7181" "00-0027492" "C.Reamer" "Cory" "Reamer" "UNK" "UNK" "5/6/87" "Alabama" ""
"7182" "00-0027499" "K.Bosworth" "Kyle" "Bosworth" "UNK" "UNK" "11/21/86" "UCLA" ""
"7183" "00-0026987" "A.Maybin" "Aaron" "Maybin" "UNK" "UNK" "4/6/88" "Penn State" ""
"7184" "00-0033061" "" "Thomas" "Duarte" "MIA" "TE" "3/30/95" "UCLA" ""
"7185" "00-0033060" "" "Leonte" "Carroo" "MIA" "WR" "1/24/94" "Rutgers" ""
"7186" "00-0033063" "" "Zach" "Wood" "UNK" "UNK" "1/10/93" "Southern Methodist" ""
"7187" "00-0033062" "" "Romar" "Morris" "NYJ" "RB" "10/21/92" "North Carolina" ""
"7188" "00-0033065" "" "Le'Raven" "Clark" "IND" "OT" "4/22/93" "Texas Tech" ""
"7189" "00-0033064" "" "Adam" "Gotsis" "DEN" "DT" "9/23/92" "Georgia Tech" ""
"7190" "00-0033067" "" "James" "Ross" "SD" "LB" "6/26/94" "Michigan" ""
"7191" "00-0033066" "" "Andrew" "Billings" "CIN" "NT" "3/6/95" "Baylor" ""
"7192" "00-0033069" "" "Braxton" "Miller" "HOU" "WR" "11/30/92" "Ohio State" ""
"7193" "00-0021261" "R.Bernard" "Rocky" "Bernard" "UNK" "UNK" "4/19/79" "Texas A&M" ""
"7194" "00-0021262" "K.Coleman" "Kenyon" "Coleman" "UNK" "UNK" "4/10/79" "UCLA" ""
"7195" "00-0026543" "D.Dutch" "Doug" "Dutch" "UNK" "UNK" "2/15/86" "Michigan" ""
"7196" "00-0026544" "C.Daniel" "Chase" "Daniel" "PHI" "QB" "10/7/86" "Missouri" ""
"7197" "00-0026546" "R.Ferguson" "Rodney" "Ferguson" "UNK" "UNK" "8/25/86" "New Mexico" ""
"7198" "00-0021267" "J.Goodwin" "Jonathan" "Goodwin" "UNK" "UNK" "12/2/78" "Michigan" ""
"7199" "00-0027133" "J.Ingram" "Jake" "Ingram" "UNK" "UNK" "10/23/85" "Hawaii" ""
"7200" "00-0032429" "" "Jerell" "Adams" "NYG" "TE" "12/31/92" "South Carolina" ""
"7201" "00-0025506" "A.Barbre" "Allen" "Barbre" "PHI" "OG" "6/22/84" "Missouri Southern State" ""
"7202" "00-0030144" "M.Maysonet" "Miguel" "Maysonet" "UNK" "UNK" "12/13/89" "Stony Brook" ""
"7203" "00-0024397" "J.Jolly" "Johnny" "Jolly" "UNK" "UNK" "2/21/83" "Texas A&M" ""
"7204" "00-0030148" "D.Square" "Damion" "Square" "SD" "NT" "2/6/89" "Alabama" ""
"7205" "00-0027639" "C.Greenwood" "Cory" "Greenwood" "UNK" "UNK" "6/5/85" "Concordia (Quebec)" ""
"7206" "00-0027149" "M.Johnson" "Manuel" "Johnson" "UNK" "UNK" "10/14/86" "Oklahoma" ""
"7207" "00-0027148" "L.Murtha" "Lydon" "Murtha" "UNK" "UNK" "11/13/85" "Nebraska" ""
"7208" "00-0027631" "L.Crawford" "London" "Crawford" "UNK" "UNK" "10/19/86" "Arkansas" ""
"7209" "00-0027145" "P.McAfee" "Pat" "McAfee" "IND" "P" "5/2/87" "West Virginia" ""
"7210" "00-0027632" "C.Pemberton" "Cole" "Pemberton" "UNK" "UNK" "7/1/87" "Colorado State" ""
"7211" "00-0027143" "F.Vakapuna" "Fui" "Vakapuna" "UNK" "UNK" "3/9/84" "Brigham Young" ""
"7212" "00-0027142" "J.Folsom" "J.D." "Folsom" "UNK" "UNK" "8/19/84" "Weber State" ""
"7213" "00-0027637" "C.Johnson" "Chris" "Johnson" "UNK" "UNK" "12/10/86" "South Dakota State" ""
"7214" "00-0027636" "B.Robinson" "Boo" "Robinson" "UNK" "UNK" "8/5/87" "Wake Forest" ""
"7215" "00-0031218" "M.Butler" "Malcolm" "Butler" "NE" "CB" "3/2/90" "West Alabama" ""
"7216" "00-0031219" "D.Johnson" "Derrick" "Johnson" "UNK" "UNK" "7/6/91" "Maine" ""
"7217" "00-0031210" "" "Marcus" "Trice" "UNK" "UNK" "11/8/90" "North Texas" ""
"7218" "00-0031211" "" "Kona" "Schwenke" "UNK" "UNK" "5/11/92" "Notre Dame" ""
"7219" "00-0031212" "G.Hardin" "Greg" "Hardin" "UNK" "UNK" "9/4/90" "North Dakota" ""
"7220" "00-0031213" "R.Allen" "RaShaun" "Allen" "UNK" "UNK" "2/25/90" "Southern University" ""
"7221" "00-0031214" "G.Hickman" "Gregory" "Hickman" "UNK" "UNK" "11/23/90" "Florida International" ""
"7222" "00-0031215" "" "Darryl" "Johnson" "UNK" "UNK" "2/10/91" "New Mexico" ""
"7223" "00-0032008" "D.Dye" "Donteea" "Dye" "TB" "WR" "8/20/93" "Heidelberg" ""
"7224" "00-0032009" "" "Adam" "Humphries" "TB" "WR" "6/24/93" "Clemson" ""
"7225" "00-0023641" "R.Petitti" "Rob" "Petitti" "UNK" "UNK" "5/21/82" "Pittsburgh" ""
"7226" "00-0023642" "R.Hodges" "Reggie" "Hodges" "UNK" "UNK" "1/26/82" "Ball State" ""
"7227" "00-0032001" "" "Ben" "Edwards" "NYG" "WR" "4/10/92" "Richmond" ""
"7228" "00-0032004" "" "Will" "Tye" "NYG" "TE" "11/4/91" "Stony Brook" ""
"7229" "00-0032006" "" "Tim" "Semisch" "SD" "TE" "9/18/91" "Northern Illinois" ""
"7230" "00-0032007" "" "Quinton" "Dunbar" "WAS" "CB" "7/22/92" "Florida" ""
"7231" "00-0032901" "" "Mike" "Bercovici" "SD" "QB" "2/9/93" "Arizona State" ""
"7232" "00-0032803" "" "Jalen" "Mills" "PHI" "FS" "4/6/94" "LSU" ""
"7233" "00-0032900" "" "Beau" "Sandland" "CAR" "TE" "2/23/93" "Montana State" ""
"7234" "00-0028933" "G.Gerhart" "Garth" "Gerhart" "CLE" "C" "10/21/88" "Arizona State" ""
"7235" "00-0032455" "" "Austin" "Blythe" "IND" "C" "6/16/92" "Iowa" ""
"7236" "00-0028932" "L.Fort" "L.J." "Fort" "PIT" "LB" "1/3/90" "Northern Iowa" ""
"7237" "00-0032902" "" "Kenneth" "Farrow" "SD" "RB" "3/7/93" "Houston" ""
"7238" "00-0028931" "E.Davis" "Emanuel" "Davis" "UNK" "UNK" "8/9/88" "East Carolina" ""
"7239" "00-0032905" "" "Chris" "Landrum" "SD" "LB" "9/14/92" "Jacksonville State" ""
"7240" "00-0028426" "M.Webb" "Martell" "Webb" "UNK" "UNK" "11/10/89" "Michigan" ""
"7241" "00-0032904" "" "Tyler" "Johnstone" "SD" "OT" "9/29/92" "Oregon" ""
"7242" "00-0032907" "" "Adrian" "McDonald" "SD" "DB" "3/18/94" "Houston" ""
"7243" "00-0032906" "" "Tyler" "Marcordes" "SD" "LB" "10/9/92" "Georgia Tech" ""
"7244" "00-0030169" "" "Jake" "McDonough" "UNK" "UNK" "11/3/89" "Iowa State" ""
"7245" "00-0021464" "B.Romberg" "Brett" "Romberg" "UNK" "UNK" "10/10/79" "Miami (Fla.)" ""
"7246" "00-0021460" "C.Hankton" "Cortez" "Hankton" "UNK" "UNK" "1/20/81" "Texas Southern" ""
"7247" "00-0030161" "B.McDougald" "Bradley" "McDougald" "TB" "FS" "11/15/90" "Kansas" ""
"7248" "00-0030160" "J.Martin" "Josh" "Martin" "NYJ" "LB" "11/7/91" "Columbia" ""
"7249" "00-0030163" "R.Wilson" "Ridge" "Wilson" "UNK" "UNK" "2/7/91" "West Alabama" ""
"7250" "00-0030162" "R.Richardson" "Rico" "Richardson" "UNK" "UNK" "7/1/91" "Jackson State" ""
"7251" "00-0030165" "M.Edwards" "Mike" "Edwards" "UNK" "UNK" "4/26/91" "Hawaii" ""
"7252" "00-0030164" "T.Davis" "Troy" "Davis" "UNK" "UNK" "1/6/91" "Central Florida" ""
"7253" "00-0030166" "" "Dalton" "Freeman" "HOU" "C" "6/18/90" "Clemson" ""
"7254" "00-0028919" "T.Rogers" "Taveon" "Rogers" "UNK" "UNK" "8/17/90" "New Mexico State" ""
"7255" "00-0028918" "K.Moore" "Kashif" "Moore" "UNK" "UNK" "11/21/88" "Connecticut" ""
"7256" "00-0028915" "J.Hilton" "Justin" "Hilton" "UNK" "UNK" "12/8/88" "Indiana State" ""
"7257" "00-0028914" "T.Hansen" "Tyler" "Hansen" "UNK" "UNK" "12/6/89" "Colorado" ""
"7258" "00-0028917" "B.Joiner" "Brandon" "Joiner" "UNK" "UNK" "4/27/89" "Arkansas State" ""
"7259" "00-0028916" "G.Hunter" "Grant" "Hunter" "UNK" "UNK" "5/30/88" "Butler" ""
"7260" "00-0028911" "D.Brooks" "Derrius" "Brooks" "UNK" "UNK" "5/29/88" "Western Kentucky" ""
"7261" "00-0028913" "B.Davis" "Bryce" "Davis" "UNK" "UNK" "6/16/89" "Central Oklahoma" ""
"7262" "00-0028912" "V.Burfict" "Vontaze" "Burfict" "CIN" "OLB" "9/24/90" "Arizona State" ""
"7263" "00-0029530" "J.Bethel" "Justin" "Bethel" "ARI" "CB" "6/17/90" "Presbyterian" ""
"7264" "00-0029531" "R.Lindley" "Ryan" "Lindley" "UNK" "UNK" "6/22/89" "San Diego State" ""
"7265" "00-0029532" "R.Griffin" "Robert" "Griffin" "UNK" "UNK" "11/22/89" "Baylor" ""
"7266" "00-0029533" "J.Jones" "Joshua" "Jones" "UNK" "UNK" "12/19/88" "Elon" ""
"7267" "00-0029534" "C.Helfet" "Cooper" "Helfet" "UNK" "UNK" "6/2/89" "Duke" ""
"7268" "00-0029536" "N.Carr" "Nigel" "Carr" "UNK" "UNK" "1/22/90" "Alabama State" ""
"7269" "00-0029537" "D.Ellis" "Dominique" "Ellis" "UNK" "UNK" "8/25/89" "South Carolina State" ""
"7270" "00-0029538" "A.Hobbs" "Arthur" "Hobbs" "UNK" "UNK" "11/18/89" "Nebraska-Kearney" ""
"7271" "00-0029539" "W.Bonner" "Wade" "Bonner" "UNK" "UNK" "8/5/88" "Mississippi State" ""
"7272" "00-0022287" "R.Williams" "Renauld" "Williams" "UNK" "UNK" "2/23/81" "Hofstra" ""
"7273" "00-0028620" "M.Herzlich" "Mark" "Herzlich" "NYG" "OLB" "9/1/87" "Boston College" ""
"7274" "00-0028627" "M.Harris" "Marcus" "Harris" "UNK" "UNK" "8/1/89" "Murray State" ""
"7275" "00-0028626" "D.Fulghum" "Dejuan" "Fulghum" "UNK" "UNK" "3/5/89" "Texas Southern" ""
"7276" "00-0028625" "R.Donahue" "Ryan" "Donahue" "UNK" "UNK" "3/17/88" "Iowa" ""
"7277" "00-0022288" "J.Wright" "Jason" "Wright" "UNK" "UNK" "7/12/82" "Northwestern" ""
"7278" "00-0021096" "M.Manuel" "Marquand" "Manuel" "UNK" "UNK" "7/11/79" "Florida" ""
"7279" "00-0021092" "J.Bannan" "Justin" "Bannan" "UNK" "UNK" "4/18/79" "Colorado" ""
"7280" "00-0030578" "C.Patterson" "Cordarrelle" "Patterson" "MIN" "WR" "3/17/91" "Tennessee" ""
"7281" "00-0030579" "M.Watson" "Menelik" "Watson" "OAK" "T" "12/22/88" "Florida State" ""
"7282" "00-0030576" "D.Jones" "Datone" "Jones" "GB" "DE" "7/24/90" "UCLA" ""
"7283" "00-0030577" "S.Williams" "Sylvester" "Williams" "DEN" "NT" "11/21/88" "North Carolina" ""
"7284" "00-0030574" "S.Floyd" "Sharrif" "Floyd" "MIN" "DT" "5/28/91" "Florida" ""
"7285" "00-0030575" "X.Rhodes" "Xavier" "Rhodes" "MIN" "CB" "6/19/90" "Florida State" ""
"7286" "00-0030572" "D.Hayden" "D.J." "Hayden" "OAK" "CB" "6/27/90" "Houston" ""
"7287" "00-0030573" "S.Richardson" "Sheldon" "Richardson" "NYJ" "DE" "11/29/90" "Missouri" ""
"7288" "00-0021099" "H.Green" "Howard" "Green" "UNK" "UNK" "1/12/79" "LSU" ""
"7289" "00-0030571" "R.Hall" "Rashard" "Hall" "UNK" "UNK" "9/7/89" "Clemson" ""
"7290" "00-0031907" "" "Jacoby" "Glenn" "CHI" "CB" "8/4/93" "Central Florida" ""
"7291" "00-0019794" "A.Cason" "Aveion" "Cason" "UNK" "UNK" "7/12/79" "Illinois State" ""
"7292" "00-0025398" "P.Willis" "Patrick" "Willis" "UNK" "UNK" "1/25/85" "Mississippi" ""
"7293" "00-0025399" "M.Lynch" "Marshawn" "Lynch" "UNK" "UNK" "4/22/86" "California" ""
"7294" "00-0025390" "J.Thomas" "Joe" "Thomas" "CLE" "T" "12/4/84" "Wisconsin" ""
"7295" "00-0025391" "G.Adams" "Gaines" "Adams" "UNK" "UNK" "6/8/83" "Clemson" ""
"7296" "00-0025392" "L.Brown" "Levi" "Brown" "UNK" "UNK" "3/16/84" "Penn State" ""
"7297" "00-0025393" "L.Landry" "LaRon" "Landry" "UNK" "UNK" "10/14/84" "LSU" ""
"7298" "00-0025394" "A.Peterson" "Adrian" "Peterson" "MIN" "RB" "3/21/85" "Oklahoma" ""
"7299" "00-0025395" "Jml.Anderson" "Jamaal" "Anderson" "UNK" "UNK" "2/6/86" "Arkansas" ""
"7300" "00-0025396" "T.Ginn" "Ted" "Ginn" "CAR" "WR" "4/12/85" "Ohio State" ""
"7301" "00-0025397" "A.Okoye" "Amobi" "Okoye" "UNK" "UNK" "6/10/87" "Louisville" ""
"7302" "00-0029394" "B.Bersin" "Brenton" "Bersin" "CAR" "WR" "5/9/90" "Wofford" ""
"7303" "00-0029395" "W.Blackwell" "Will" "Blackwell" "UNK" "UNK" "6/24/89" "LSU" ""
"7304" "00-0029396" "J.Green" "Jared" "Green" "UNK" "UNK" "4/1/89" "Southern University" ""
"7305" "00-0029390" "C.Law" "Cordarro" "Law" "UNK" "UNK" "10/15/88" "Southern Mississippi" ""
"7306" "00-0029391" "S.McGrath" "Sean" "McGrath" "SD" "TE" "12/3/87" "Henderson State" ""
"7307" "00-0029392" "M.Taylor" "Monte" "Taylor" "UNK" "UNK" "12/10/88" "Cincinnati" ""
"7308" "00-0019246" "A.Ogunleye" "Adewale" "Ogunleye" "UNK" "UNK" "8/9/77" "Indiana" ""
"7309" "00-0019242" "D.Looker" "Dane" "Looker" "UNK" "UNK" "5/5/76" "Washington" ""
"7310" "00-0020414" "T.Sands" "Terdell" "Sands" "UNK" "UNK" "10/31/79" "Tennessee-Chattanooga" ""
"7311" "00-0026153" "J.Stewart" "Jonathan" "Stewart" "CAR" "RB" "3/21/87" "Oregon" ""
"7312" "00-0026152" "R.Clady" "Ryan" "Clady" "NYJ" "T" "9/6/86" "Boise State" ""
"7313" "00-0026151" "L.McKelvin" "Leodis" "McKelvin" "PHI" "DB" "9/1/85" "Troy" ""
"7314" "00-0026150" "J.Mayo" "Jerod" "Mayo" "UNK" "UNK" "2/23/86" "Tennessee" ""
"7315" "00-0026157" "G.Cherilus" "Gosder" "Cherilus" "TB" "T" "6/28/84" "Boston College" ""
"7316" "00-0026156" "D.R-Cromartie" "Dominique" "Rodgers-Cromartie" "NYG" "CB" "4/7/86" "Tennessee State" ""
"7317" "00-0026155" "B.Albert" "Branden" "Albert" "MIA" "OT" "11/4/84" "Virginia" ""
"7318" "00-0026154" "C.Williams" "Chris" "Williams" "UNK" "UNK" "8/26/85" "Vanderbilt" ""
"7319" "00-0026159" "J.Otah" "Jeff" "Otah" "UNK" "UNK" "6/17/86" "Pittsburgh" ""
"7320" "00-0026158" "J.Flacco" "Joe" "Flacco" "BAL" "QB" "1/16/85" "Delaware" ""
"7321" "00-0026980" "T.Jackson" "Tyson" "Jackson" "ATL" "DE" "6/6/86" "LSU" ""
"7322" "00-0027824" "J.Kirlew" "Jammie" "Kirlew" "UNK" "UNK" "5/12/87" "Indiana" ""
"7323" "00-0027825" "J.Dray" "Jim" "Dray" "BUF" "TE" "12/31/86" "Stanford" ""
"7324" "00-0027826" "S.Lissemore" "Sean" "Lissemore" "SD" "NT" "9/11/87" "William & Mary" ""
"7325" "00-0027827" "D.Epps" "Dedrick" "Epps" "UNK" "UNK" "6/19/88" "Miami (Fla.)" ""
"7326" "00-0027820" "R.Stephens" "Reggie" "Stephens" "UNK" "UNK" "8/28/87" "Iowa State" ""
"7327" "00-0027821" "E.Cook" "Erik" "Cook" "UNK" "UNK" "7/5/87" "New Mexico" ""
"7328" "00-0027822" "C.Wilson" "C.J." "Wilson" "NO" "DE" "3/30/87" "East Carolina" ""
"7329" "00-0027823" "S.Capers" "Selvish" "Capers" "UNK" "UNK" "11/13/85" "West Virginia" ""
"7330" "00-0027828" "D.Davis" "Dexter" "Davis" "UNK" "UNK" "11/10/86" "Arizona State" ""
"7331" "00-0027829" "R.Mathews" "Ricardo" "Mathews" "PIT" "DT" "7/30/87" "Cincinnati" ""
"7332" "00-0031027" "" "Ben" "Gardner" "SD" "LB" "4/29/91" "Stanford" ""
"7333" "00-0031026" "R.Johnson" "Randell" "Johnson" "BUF" "OLB" "3/23/91" "Florida Atlantic" ""
"7334" "00-0031025" "M.Campanaro" "Michael" "Campanaro" "BAL" "WR" "1/25/91" "Wake Forest" ""
"7335" "00-0031024" "I.Enemkpali" "IK" "Enemkpali" "BUF" "DE" "7/3/91" "Louisiana Tech" ""
"7336" "00-0031023" "" "Quincy" "Enunwa" "NYJ" "WR" "5/31/92" "Nebraska" ""
"7337" "00-0031022" "L.Duvernay-Tardif" "Laurent" "Duvernay-Tardif" "KC" "OG" "2/11/91" "McGill (Canada)" ""
"7338" "00-0031021" "" "Jared" "Abbrederis" "GB" "WR" "12/17/90" "Wisconsin" ""
"7339" "00-0031020" "" "Keith" "Reaser" "SF" "CB" "7/31/91" "Florida Atlantic" ""
"7340" "00-0030930" "" "Conor" "Boffeli" "UNK" "UNK" "8/29/91" "Iowa" ""
"7341" "00-0028647" "M.Hartline" "Mike" "Hartline" "UNK" "UNK" "6/13/88" "Kentucky" ""
"7342" "00-0031029" "" "Seantrel" "Henderson" "BUF" "T" "1/21/92" "Miami (Fla.)" ""
"7343" "00-0031028" "" "Ulrick" "John" "MIA" "OT" "5/20/92" "Georgia State" ""
"7344" "00-0032637" "" "Andrew" "Adams" "NYG" "DB" "10/28/92" "Connecticut" ""
"7345" "00-0032635" "" "Josh" "Hawkins" "GB" "CB" "1/23/93" "East Carolina" ""
"7346" "00-0026982" "An.Smith" "Andre" "Smith" "MIN" "OT" "1/25/87" "Alabama" ""
"7347" "00-0024582" "J.Hickman" "Justin" "Hickman" "UNK" "UNK" "7/20/85" "UCLA" ""
"7348" "00-0032632" "" "Jacob" "Flores" "GB" "C" "11/25/93" "Dartmouth" ""
"7349" "00-0032631" "" "Makinton" "Dorleant" "GB" "DB" "10/6/92" "Northern Iowa" ""
"7350" "00-0032630" "" "Joe" "Callahan" "GB" "QB" "6/4/93" "Wesley College" ""
"7351" "00-0032639" "" "Marshaun" "Coprich" "UNK" "UNK" "8/10/94" "Illinois State" ""
"7352" "00-0030931" "" "Pierce" "Burton" "UNK" "UNK" "4/16/91" "Mississippi" ""
"7353" "00-0028642" "T.Baltz" "Travis" "Baltz" "UNK" "UNK" "11/18/88" "Maryland" ""
"7354" "00-0026983" "D.Heyward-Bey" "Darrius" "Heyward-Bey" "PIT" "WR" "2/26/87" "Maryland" ""
"7355" "00-0024425" "P.McQuistan" "Pat" "McQuistan" "UNK" "UNK" "4/30/83" "Weber State" ""
"7356" "00-0024424" "Z.Strief" "Zach" "Strief" "NO" "T" "9/22/83" "Northwestern" ""
"7357" "00-0024427" "J.Wyche" "James" "Wyche" "UNK" "UNK" "4/19/82" "Syracuse" ""
"7358" "00-0024426" "F.Evans" "Fred" "Evans" "UNK" "UNK" "11/6/83" "Texas State" ""
"7359" "00-0024421" "A.Bethea" "Antoine" "Bethea" "SF" "SS" "7/27/84" "Howard" ""
"7360" "00-0024420" "L.Smith" "Le Kevin" "Smith" "UNK" "UNK" "7/21/82" "Nebraska" ""
"7361" "00-0024422" "D.Martin" "Derrick" "Martin" "UNK" "UNK" "5/16/85" "Wyoming" ""
"7362" "00-0024429" "C.Finnegan" "Cortland" "Finnegan" "NO" "DB" "2/2/84" "Samford" ""
"7363" "00-0024428" "C.Morris" "Chris" "Morris" "UNK" "UNK" "2/22/83" "Michigan State" ""
"7364" "00-0030555" "D.Jordan" "Dion" "Jordan" "UNK" "UNK" "3/5/90" "Oregon" ""
"7365" "00-0030374" "D.Fields" "Demetrius" "Fields" "UNK" "UNK" "7/7/90" "Northwestern" ""
"7366" "00-0030375" "R.Kent" "Richard" "Kent" "UNK" "UNK" "8/17/89" "Vanderbilt" ""
"7367" "00-0030376" "T.Ikharo" "Taulib" "Ikharo" "UNK" "UNK" "7/27/89" "Louisiana Tech" ""
"7368" "00-0030377" "" "R.J." "Mattes" "UNK" "UNK" "4/29/90" "North Carolina State" ""
"7369" "00-0030370" "G.Jenkins" "Greg" "Jenkins" "UNK" "UNK" "8/23/89" "Alabama State" ""
"7370" "00-0030371" "R.Robinson" "Ryan" "Robinson" "SEA" "DE" "12/9/90" "Oklahoma State" ""
"7371" "00-0030372" "A.Robiskie" "Andrew" "Robiskie" "UNK" "UNK" "5/18/89" "Western Illinois" ""
"7372" "00-0030373" "M.White" "Mitchell" "White" "UNK" "UNK" "3/30/90" "Michigan State" ""
"7373" "00-0030378" "" "Saeed" "Lee" "UNK" "UNK" "1/20/91" "Alabama State" ""
"7374" "00-0030379" "J.Shelley" "Jeremy" "Shelley" "UNK" "UNK" "10/25/90" "Alabama" ""
"7375" "00-0022702" "K.Lewis" "Keith" "Lewis" "UNK" "UNK" "10/20/81" "Oregon" ""
"7376" "00-0022703" "R.Bingham" "Ryon" "Bingham" "UNK" "UNK" "6/6/81" "Nebraska" ""
"7377" "00-0022701" "D.Hackett" "D.J." "Hackett" "UNK" "UNK" "7/3/81" "Colorado" ""
"7378" "00-0022706" "M.Gaines" "Michael" "Gaines" "UNK" "UNK" "3/30/80" "Central Florida" ""
"7379" "00-0022707" "D.Williams" "Demorrio" "Williams" "UNK" "UNK" "7/6/80" "Nebraska" ""
"7380" "00-0030088" "Q.Dial" "Quinton" "Dial" "SF" "DE" "7/21/90" "Alabama" ""
"7381" "00-0030089" "L.Willson" "Luke" "Willson" "SEA" "TE" "1/15/90" "Rice" ""
"7382" "00-0030086" "Q.Smith" "Quanterus" "Smith" "UNK" "UNK" "11/26/89" "Western Kentucky" ""
"7383" "00-0030087" "C.Taylor" "Cooper" "Taylor" "UNK" "UNK" "4/14/90" "Richmond" ""
"7384" "00-0030084" "J.Meeks" "Jonathan" "Meeks" "BUF" "DB" "11/8/89" "Clemson" ""
"7385" "00-0030085" "K.Stills" "Kenny" "Stills" "MIA" "WR" "4/22/92" "Oklahoma" ""
"7386" "00-0030082" "M.Hughes" "Montori" "Hughes" "NYG" "DT" "8/25/90" "Tennessee-Martin" ""
"7387" "00-0030083" "O.Aboushi" "Oday" "Aboushi" "HOU" "G" "6/5/91" "Virginia" ""
"7388" "00-0030080" "E.Wolff" "Earl" "Wolff" "UNK" "UNK" "12/15/89" "North Carolina State" ""
"7389" "00-0030081" "" "Jesse" "Williams" "UNK" "UNK" "11/2/90" "Alabama" ""
"7390" "00-0026564" "S.McLendon" "Steve" "McLendon" "NYJ" "DT" "1/3/86" "Troy" ""
"7391" "00-0032838" "" "Cedric" "O'Neal" "PHI" "RB" "1/29/94" "Valdosta State" ""
"7392" "00-0032835" "" "Jon" "Brown" "UNK" "UNK" "12/7/92" "Louisville" ""
"7393" "00-0032834" "" "Lloyd" "Carrington" "WAS" "CB" "4/8/93" "Arizona State" ""
"7394" "00-0032837" "" "Bruce" "Johnson" "UNK" "UNK" "12/4/92" "Maine" ""
"7395" "00-0032836" "" "Bryson" "Keeton" "NYJ" "DB" "2/24/93" "Montana State" ""
"7396" "00-0032831" "" "Brandon" "Brown-Dukes" "PIT" "RB" "4/29/92" "Mercyhurst" ""
"7397" "00-0032832" "" "Marcus" "Tucker" "PIT" "WR" "6/24/92" "Northern Michigan" ""
"7398" "00-0031562" "" "Owa" "Odighizuwa" "NYG" "DE" "4/1/92" "UCLA" ""
"7399" "00-0031563" "" "Alex" "Carter" "DET" "CB" "10/19/94" "Stanford" ""
"7400" "00-0031560" "" "Jaelen" "Strong" "HOU" "WR" "1/25/94" "Arizona State" ""
"7401" "00-0031561" "" "Hroniss" "Grasu" "CHI" "C" "8/12/91" "Oregon" ""
"7402" "00-0031566" "" "Trey" "Flowers" "NE" "DE" "8/16/93" "Arkansas" ""
"7403" "00-0031567" "" "Daryl" "Williams" "CAR" "OT" "8/31/92" "Oklahoma" ""
"7404" "00-0031564" "" "Lorenzo" "Mauldin" "NYJ" "OLB" "10/1/92" "Louisville" ""
"7405" "00-0031565" "" "Danielle" "Hunter" "MIN" "DE" "10/29/94" "LSU" ""
"7406" "00-0031569" "" "Jeremy" "Langford" "CHI" "RB" "12/6/91" "Michigan State" ""
"7407" "00-0026708" "A.Heygood" "Anthony" "Heygood" "UNK" "UNK" "4/3/86" "Purdue" ""
"7408" "00-0026709" "M.Ivy" "Mortty" "Ivy" "UNK" "UNK" "4/26/86" "West Virginia" ""
"7409" "00-0026706" "M.Favorite" "Marlon" "Favorite" "UNK" "UNK" "6/22/86" "LSU" ""
"7410" "00-0026707" "L.Harvey" "Lonnie" "Harvey" "UNK" "UNK" "1/20/87" "Morgan State" ""
"7411" "00-0026704" "D.Clark" "D.J." "Clark" "UNK" "UNK" "11/30/86" "Idaho State" ""
"7412" "00-0026705" "C.Davis" "C.J." "Davis" "UNK" "UNK" "2/2/87" "Pittsburgh" ""
"7413" "00-0026702" "H.Cantwell" "Hunter" "Cantwell" "UNK" "UNK" "12/30/85" "Louisville" ""
"7414" "00-0026703" "J.Chery" "Jason" "Chery" "UNK" "UNK" "5/31/85" "Louisiana-Lafayette" ""
"7415" "00-0026700" "P.Brown" "Patrick" "Brown" "UNK" "UNK" "12/25/86" "Central Florida" ""
"7416" "00-0030961" "" "Jordan" "Najvar" "UNK" "UNK" "1/8/91" "Baylor" ""
"7417" "00-0030963" "" "Dashaun" "Phillips" "WAS" "DB" "1/3/91" "Tarleton State" ""
"7418" "00-0030962" "" "Ronald" "Patrick" "TEN" "OG" "11/1/91" "South Carolina" ""
"7419" "00-0029259" "K.Osemele" "Kelechi" "Osemele" "OAK" "OT" "6/24/89" "Iowa State" ""
"7420" "00-0030964" "" "Jarrod" "Pughsley" "KC" "OG" "12/18/90" "Akron" ""
"7421" "00-0029709" "T.Nsekhe" "Ty" "Nsekhe" "WAS" "T" "10/27/85" "Texas State" ""
"7422" "00-0030966" "D.Sapp" "Dontavis" "Sapp" "UNK" "UNK" "1/17/92" "Tennessee" ""
"7423" "00-0030969" "R.Smith" "Ryan" "Smith" "UNK" "UNK" "5/12/92" "Auburn" ""
"7424" "00-0030968" "K.Smith" "Keith" "Smith" "DAL" "FB" "4/8/92" "San Jose State" ""
"7425" "00-0029257" "J.Worthy" "Jerel" "Worthy" "BUF" "DT" "4/28/90" "Michigan State" ""
"7426" "00-0029256" "K.Reyes" "Kendall" "Reyes" "WAS" "DT" "9/26/89" "Connecticut" ""
"7427" "00-0029703" "C.Kilgore" "Chad" "Kilgore" "UNK" "UNK" "8/8/89" "Northwest Missouri State" ""
"7428" "00-0029250" "S.McClellin" "Shea" "McClellin" "NE" "LB" "8/1/89" "Boise State" ""
"7429" "00-0029253" "M.Schwartz" "Mitchell" "Schwartz" "KC" "OT" "6/8/89" "California" ""
"7430" "00-0029252" "C.Upshaw" "Courtney" "Upshaw" "ATL" "LB" "12/13/89" "Alabama" ""
"7431" "00-0025619" "S.Vallos" "Steve" "Vallos" "UNK" "UNK" "12/28/83" "Wake Forest" ""
"7432" "00-0024631" "C.Bryan" "Courtney" "Bryan" "UNK" "UNK" "10/2/84" "New Mexico State" ""
"7433" "00-0024638" "G.Pope" "Geoffrey" "Pope" "UNK" "UNK" "6/21/84" "Howard" ""
"7434" "00-0025610" "M.Otto" "Michael" "Otto" "UNK" "UNK" "7/24/83" "Purdue" ""
"7435" "00-0025613" "C.Wilson" "C.J." "Wilson" "UNK" "UNK" "4/2/85" "Baylor" ""
"7436" "00-0025612" "B.Fields" "Brandon" "Fields" "UNK" "UNK" "5/21/84" "Michigan State" ""
"7437" "00-0025615" "D.Wynn" "DeShawn" "Wynn" "UNK" "UNK" "10/9/83" "Florida" ""
"7438" "00-0027950" "C.Ponder" "Christian" "Ponder" "SF" "QB" "2/25/88" "Florida State" ""
"7439" "00-0033049" "" "Darius" "Jackson" "DAL" "RB" "12/1/93" "Eastern Michigan" ""
"7440" "00-0033048" "" "Kavon" "Frazier" "DAL" "SS" "8/11/94" "Central Michigan" ""
"7441" "00-0033043" "" "Austin" "Traylor" "DAL" "TE" "9/3/93" "Wisconsin" ""
"7442" "00-0033042" "" "M.J." "McFarland" "PHI" "TE" "7/25/92" "Texas-El Paso" ""
"7443" "00-0033041" "" "Mariel" "Cooper" "WAS" "DB" "1/10/93" "The Citadel" ""
"7444" "00-0033040" "" "Tyreek" "Hill" "KC" "WR" "3/1/94" "West Alabama" ""
"7445" "00-0033047" "" "Anthony" "Brown" "DAL" "CB" "12/15/93" "Purdue" ""
"7446" "00-0033046" "" "Jihad" "Ward" "OAK" "DE" "5/11/94" "Illinois" ""
"7447" "00-0033045" "" "Ezekiel" "Elliott" "DAL" "RB" "7/22/95" "Ohio State" ""
"7448" "00-0033044" "" "Jimmy" "Pruitt" "NO" "CB" "11/28/92" "San Jose State" ""
"7449" "00-0021286" "D.Faggins" "Demarcus" "Faggins" "UNK" "UNK" "6/13/79" "Kansas State" ""
"7450" "00-0023368" "C.Wake" "Cameron" "Wake" "MIA" "DE" "1/30/82" "Penn State" ""
"7451" "00-0029879" "" "Kevin" "McDermott" "MIN" "LS" "1/12/90" "UCLA" ""
"7452" "00-0029878" "M.Gray" "MarQueis" "Gray" "MIA" "TE" "11/7/89" "Minnesota" ""
"7453" "00-0029871" "J.Kimbrough" "Jeremy" "Kimbrough" "UNK" "UNK" "5/22/91" "Appalachian State" ""
"7454" "00-0029872" "" "Jacolby" "Ashworth" "UNK" "UNK" "8/29/90" "Houston" ""
"7455" "00-0029875" "V.Kearney" "Vernon" "Kearney" "UNK" "UNK" "1/31/89" "Lane" ""
"7456" "00-0029874" "K.Edwards" "Kip" "Edwards" "UNK" "UNK" "12/4/89" "Missouri" ""
"7457" "00-0029877" "" "Sherman" "Carter" "UNK" "UNK" "9/13/88" "Tennessee State" ""
"7458" "00-0029876" "J.Rolle" "Jumal" "Rolle" "BAL" "DB" "5/28/90" "Catawba" ""
"7459" "00-0005720" "J.Galloway" "Joey" "Galloway" "UNK" "UNK" "11/20/71" "Ohio State" ""
"7460" "00-0025941" "M.Burnett" "Martail" "Burnett" "UNK" "UNK" "1/10/85" "Utah" ""
"7461" "00-0025940" "H.Abdullah" "Husain" "Abdullah" "UNK" "UNK" "7/27/85" "Washington State" ""
"7462" "00-0025942" "L.Douzable" "Leger" "Douzable" "BUF" "DT" "5/31/86" "Central Florida" ""
"7463" "00-0025945" "E.Henderson" "Erin" "Henderson" "NYJ" "LB" "7/1/86" "Maryland" ""
"7464" "00-0025944" "S.Hauschka" "Steven" "Hauschka" "SEA" "K" "6/29/85" "North Carolina State" ""
"7465" "00-0025947" "T.Key" "Travis" "Key" "UNK" "UNK" "12/31/85" "Michigan State" ""
"7466" "00-0025946" "N.Jones" "Nate" "Jones" "UNK" "UNK" "12/30/85" "Texas" ""
"7467" "00-0025949" "T.Mattran" "Tim" "Mattran" "UNK" "UNK" "10/23/84" "Stanford" ""
"7468" "00-0025948" "J.Leman" "Jeremy" "Leman" "UNK" "UNK" "3/1/85" "Illinois" ""
"7469" "00-0032798" "" "Harlan" "Miller" "ARI" "CB" "6/20/94" "Southeastern Louisiana" ""
"7470" "00-0032799" "" "Aaron" "Wallace" "TEN" "OLB" "7/8/93" "UCLA" ""
"7471" "00-0023727" "D.Patterson" "Dimitri" "Patterson" "UNK" "UNK" "6/18/83" "Tuskegee" ""
"7472" "00-0032432" "" "Wes" "Schweitzer" "ATL" "OG" "9/11/93" "San Jose State" ""
"7473" "00-0030955" "" "J.C." "Copeland" "UNK" "UNK" "7/21/91" "LSU-Shreveport" ""
"7474" "00-0032790" "" "DeAndre" "Houston-Carson" "CHI" "FS" "4/13/93" "William & Mary" ""
"7475" "00-0032791" "" "Jakeem" "Grant" "MIA" "WR" "10/30/92" "Texas Tech" ""
"7476" "00-0032792" "" "Nate" "Sudfeld" "WAS" "QB" "10/7/93" "Indiana" ""
"7477" "00-0032793" "" "Blake" "Countess" "PHI" "CB" "8/8/93" "Auburn" ""
"7478" "00-0032794" "" "Dan" "Vitale" "TB" "TE" "10/26/93" "Northwestern" ""
"7479" "00-0032795" "" "Cody" "Core" "CIN" "WR" "4/17/94" "Mississippi" ""
"7480" "00-0032796" "" "Dadi" "Nicolas" "KC" "LB" "9/29/92" "Virginia Tech" ""
"7481" "00-0032797" "" "Jordan" "Lucas" "MIA" "SS" "8/2/93" "Penn State" ""
"7482" "00-0027612" "R.D'Imperio" "Ryan" "D'Imperio" "UNK" "UNK" "8/15/87" "Rutgers" ""
"7483" "00-0027611" "S.Thompson" "Syd'Quan" "Thompson" "UNK" "UNK" "2/7/87" "California" ""
"7484" "00-0030957" "" "Casey" "Kreiter" "DEN" "LS" "8/13/90" "Iowa" ""
"7485" "00-0027617" "S.Hodge" "Shay" "Hodge" "UNK" "UNK" "10/18/87" "Mississippi" ""
"7486" "00-0027616" "A.Tanner" "Andy" "Tanner" "UNK" "UNK" "5/16/88" "Midwestern State" ""
"7487" "00-0027615" "J.Sears" "Johnny" "Sears" "UNK" "UNK" "3/16/87" "Eastern Michigan" ""
"7488" "00-0027614" "M.Billings" "Montez" "Billings" "UNK" "UNK" "6/15/86" "Auburn" ""
"7489" "00-0030950" "" "John" "Fullington" "NO" "G" "5/30/91" "Washington State" ""
"7490" "00-0027618" "B.Banks" "Brandon" "Banks" "UNK" "UNK" "12/21/87" "Kansas State" ""
"7491" "00-0030951" "" "Josh" "Aladenoye" "UNK" "UNK" "9/26/90" "Illinois State" ""
"7492" "00-0020399" "R.Diem" "Ryan" "Diem" "UNK" "UNK" "7/1/79" "Northern Illinois" ""
"7493" "00-0030952" "C.Boyd" "Chris" "Boyd" "UNK" "UNK" "12/16/91" "Vanderbilt" ""
"7494" "00-0030007" "C.Wilson" "Cody" "Wilson" "UNK" "UNK" "3/5/91" "Central Michigan" ""
"7495" "00-0020391" "J.Cook" "Jameel" "Cook" "UNK" "UNK" "2/8/79" "Illinois" ""
"7496" "00-0030953" "" "Brian" "Clarke" "UNK" "UNK" "10/14/89" "Bloomsburg" ""
"7497" "00-0020397" "C.Johnson" "Chad" "Johnson" "UNK" "UNK" "1/9/78" "Oregon State" ""
"7498" "00-0023670" "J.Parquet" "Jeremy" "Parquet" "UNK" "UNK" "4/11/82" "Southern Mississippi" ""
"7499" "00-0023629" "J.Geisinger" "Justin" "Geisinger" "UNK" "UNK" "5/24/82" "Vanderbilt" ""
"7500" "00-0023624" "C.Mosley" "C.J." "Mosley" "UNK" "UNK" "8/6/83" "Missouri" ""
"7501" "00-0023622" "J.Haye" "Jovan" "Haye" "UNK" "UNK" "6/21/82" "Vanderbilt" ""
"7502" "00-0023620" "W.Svitek" "Will" "Svitek" "UNK" "UNK" "1/8/82" "Stanford" ""
"7503" "00-0023621" "C.Brown" "C.C." "Brown" "UNK" "UNK" "1/27/83" "Louisiana-Lafayette" ""
"7504" "00-0030895" "Z.Bauman" "Zach" "Bauman" "UNK" "UNK" "7/24/92" "Northern Arizona" ""
"7505" "00-0030894" "B.Sermons" "Brandon" "Sermons" "UNK" "UNK" "6/1/91" "UCLA" ""
"7506" "00-0028211" "M.Harvey" "Mario" "Harvey" "UNK" "UNK" "8/10/87" "Marshall" ""
"7507" "00-0021637" "A.Goldberg" "Adam" "Goldberg" "UNK" "UNK" "8/12/80" "Wyoming" ""
"7508" "00-0030897" "C.Washington" "Corey" "Washington" "ATL" "WR" "12/29/91" "Newberry" ""
"7509" "00-0032435" "" "Anthony" "Zettel" "DET" "DT" "8/9/92" "Penn State" ""
"7510" "00-0031463" "" "Tim" "Smith" "UNK" "UNK" "3/22/91" "Virginia" ""
"7511" "00-0030896" "C.Catanzaro" "Chandler" "Catanzaro" "ARI" "K" "2/26/91" "Clemson" ""
"7512" "00-0021911" "R.Wells" "Reggie" "Wells" "UNK" "UNK" "11/3/80" "Clarion" ""
"7513" "00-0021915" "S.Aiken" "Sam" "Aiken" "UNK" "UNK" "12/14/80" "North Carolina" ""
"7514" "00-0030143" "J.Knott" "Jake" "Knott" "UNK" "UNK" "10/24/90" "Iowa State" ""
"7515" "00-0030142" "B.Wing" "Brad" "Wing" "NYG" "P" "1/27/91" "LSU" ""
"7516" "00-0030141" "C.Wilson" "C.J." "Wilson" "UNK" "UNK" "11/18/89" "North Carolina State" ""
"7517" "00-0030140" "T.Way" "Tress" "Way" "WAS" "P" "4/18/90" "Oklahoma" ""
"7518" "00-0030147" "R.Shepard" "Russell" "Shepard" "TB" "WR" "9/17/90" "LSU" ""
"7519" "00-0024399" "T.Culver" "Tyrone" "Culver" "UNK" "UNK" "7/6/83" "Fresno State" ""
"7520" "00-0024398" "A.Jennings" "Adam" "Jennings" "UNK" "UNK" "11/17/82" "Fresno State" ""
"7521" "00-0030891" "" "Tim" "Cornett" "UNK" "UNK" "4/28/92" "Nevada-Las Vegas" ""
"7522" "00-0024396" "M.Stanley" "Montavious" "Stanley" "UNK" "UNK" "10/10/81" "Louisville" ""
"7523" "00-0030149" "" "Matt" "Tobin" "PHI" "G" "6/5/90" "Iowa" ""
"7524" "00-0024394" "L.Vickers" "Lawrence" "Vickers" "UNK" "UNK" "5/8/83" "Colorado" ""
"7525" "00-0024392" "K.Ellison" "Keith" "Ellison" "UNK" "UNK" "2/6/84" "Oregon State" ""
"7526" "00-0024391" "J.Lewis" "Jonathan" "Lewis" "UNK" "UNK" "7/12/84" "Virginia Tech" ""
"7527" "00-0024390" "K.Boothe" "Kevin" "Boothe" "UNK" "UNK" "7/5/83" "Cornell" ""
"7528" "00-0022930" "D.Dockett" "Darnell" "Dockett" "UNK" "UNK" "5/27/81" "Florida State" ""
"7529" "00-0022932" "R.Fowler" "Ryan" "Fowler" "UNK" "UNK" "5/20/82" "Duke" ""
"7530" "00-0028937" "C.Hill" "Cris" "Hill" "UNK" "UNK" "8/29/89" "Virginia Tech" ""
"7531" "00-0028420" "K.Rutland" "Kevin" "Rutland" "UNK" "UNK" "4/2/88" "Missouri" ""
"7532" "00-0028391" "" "Kevin" "Hughes" "UNK" "UNK" "8/6/88" "Southeastern Louisiana" ""
"7533" "00-0028422" "M.Schiechl" "Marc" "Schiechl" "UNK" "UNK" "11/30/87" "Colorado Mines" ""
"7534" "00-0028425" "G.Cooper" "Graig" "Cooper" "UNK" "UNK" "7/12/87" "Miami (Fla.)" ""
"7535" "00-0028424" "C.Thornton" "Cedric" "Thornton" "DAL" "DT" "6/21/88" "Southern Arkansas" ""
"7536" "00-0028427" "C.Henry" "Chas" "Henry" "UNK" "UNK" "1/6/89" "Florida" ""
"7537" "00-0028394" "J.McQuaide" "Jake" "McQuaide" "UNK" "UNK" "12/7/87" "Ohio State" ""
"7538" "00-0028399" "E.Wide" "Eddie" "Wide" "UNK" "UNK" "11/19/88" "Utah" ""
"7539" "00-0028398" "T.White" "Teryl" "White" "UNK" "UNK" "3/8/89" "North Carolina Central" ""
"7540" "00-0027446" "J.Snead" "Jevan" "Snead" "UNK" "UNK" "9/2/87" "Mississippi" ""
"7541" "00-0028526" "D.Morgan" "Davon" "Morgan" "UNK" "UNK" "1/28/89" "Virginia Tech" ""
"7542" "00-0021706" "C.Jenkins" "Cullen" "Jenkins" "WAS" "DT" "1/20/81" "Central Michigan" ""
"7543" "00-0028527" "Z.Taylor" "Zane" "Taylor" "UNK" "UNK" "4/23/88" "Utah" ""
"7544" "00-0023935" "T.Malone" "Tom" "Malone" "UNK" "UNK" "3/29/84" "USC" ""
"7545" "00-0030893" "" "Justin" "Renfrow" "BUF" "OT" "11/23/89" "Miami (Fla.)" ""
"7546" "00-0028522" "M.Higgins" "Mike" "Higgins" "UNK" "UNK" "12/7/87" "Nebraska-Omaha" ""
"7547" "00-0028645" "D.Evans" "Darren" "Evans" "UNK" "UNK" "11/9/88" "Virginia Tech" ""
"7548" "00-0028644" "C.Colasanti" "Chris" "Colasanti" "UNK" "UNK" "11/15/88" "Penn State" ""
"7549" "00-0030892" "" "Bruce" "Gaston" "PHI" "NT" "11/29/91" "Purdue" ""
"7550" "00-0028646" "D.Gilreath" "David" "Gilreath" "UNK" "UNK" "12/11/88" "Wisconsin" ""
"7551" "00-0027667" "V.Ducasse" "Vladimir" "Ducasse" "BAL" "OT" "10/15/87" "Massachusetts" ""
"7552" "00-0028648" "J.Horn" "Joe" "Horn" "UNK" "UNK" "4/8/87" "Ashland" ""
"7553" "00-0030550" "A.Sanders" "Ace" "Sanders" "UNK" "UNK" "11/11/91" "South Carolina" ""
"7554" "00-0030551" "C.Schmidt" "Colton" "Schmidt" "BUF" "P" "10/27/90" "California-Davis" ""
"7555" "00-0030552" "" "Michael" "Bamiro" "UNK" "UNK" "10/9/90" "Stony Brook" ""
"7556" "00-0030553" "A.Bryant" "Armonty" "Bryant" "CLE" "OLB" "5/20/90" "East Central (OK)" ""
"7557" "00-0030554" "Q.Sims" "Quentin" "Sims" "UNK" "UNK" "7/11/90" "Tennessee-Martin" ""
"7558" "00-0028038" "D.Searcy" "Da'Norris" "Searcy" "TEN" "SS" "11/16/88" "North Carolina" ""
"7559" "00-0030556" "L.McFadden" "Leon" "McFadden" "NYG" "DB" "10/26/90" "San Diego State" ""
"7560" "00-0030557" "J.Evans" "Josh" "Evans" "UNK" "UNK" "6/5/91" "Florida" ""
"7561" "00-0030558" "B.Mingo" "Barkevious" "Mingo" "NE" "OLB" "10/4/90" "LSU" ""
"7562" "00-0030559" "M.Elam" "Matt" "Elam" "BAL" "SS" "9/21/91" "Florida" ""
"7563" "00-0016919" "A.Vinatieri" "Adam" "Vinatieri" "IND" "K" "12/28/72" "South Dakota State" ""
"7564" "00-0031799" "" "Anthony" "Harris" "MIN" "SS" "10/9/91" "Virginia" ""
"7565" "00-0020475" "R.Hayward" "Reggie" "Hayward" "UNK" "UNK" "3/14/79" "Iowa State" ""
"7566" "00-0020470" "J.Winborn" "Jamie" "Winborn" "UNK" "UNK" "5/14/79" "Vanderbilt" ""
"7567" "00-0031791" "" "Trevor" "Roach" "CIN" "LB" "3/6/92" "Nebraska" ""
"7568" "00-0031790" "" "Floyd" "Raven" "UNK" "UNK" "12/31/92" "Texas A&M" ""
"7569" "00-0031793" "" "Terrell" "Watson" "CLE" "RB" "8/22/93" "Azusa Pacific" ""
"7570" "00-0031795" "" "DeShawn" "Williams" "CIN" "DT" "12/29/92" "Clemson" ""
"7571" "00-0031794" "" "Mark" "Weisman" "UNK" "UNK" "10/28/91" "Iowa" ""
"7572" "00-0020478" "M.Beisel" "Monty" "Beisel" "UNK" "UNK" "8/20/78" "Kansas State" ""
"7573" "00-0031796" "" "Justin" "Coleman" "NE" "CB" "3/27/93" "Tennessee" ""
"7574" "00-0029118" "K.Burnett" "Kaelin" "Burnett" "UNK" "UNK" "9/6/89" "Nevada" ""
"7575" "00-0029119" "D.Carrier" "Derek" "Carrier" "WAS" "TE" "7/25/90" "Beloit" ""
"7576" "00-0026133" "G.Gunheim" "Greyson" "Gunheim" "UNK" "UNK" "4/4/86" "Washington" ""
"7577" "00-0026132" "M.Lawrence" "Matt" "Lawrence" "UNK" "UNK" "5/5/85" "Massachusetts" ""
"7578" "00-0029112" "Jac.Smith" "Jacquies" "Smith" "TB" "DE" "3/18/90" "Missouri" ""
"7579" "00-0029113" "K.Scott" "Kevyn" "Scott" "UNK" "UNK" "11/10/88" "Syracuse" ""
"7580" "00-0029110" "" "Josh" "Samuda" "UNK" "UNK" "12/23/88" "Massachusetts" ""
"7581" "00-0029111" "D.Shelby" "Derrick" "Shelby" "ATL" "DE" "3/4/89" "Utah" ""
"7582" "00-0029116" "D.Purvis" "Deante'" "Purvis" "UNK" "UNK" "11/4/89" "Nevada-Las Vegas" ""
"7583" "00-0026138" "C.Barth" "Connor" "Barth" "NO" "K" "4/11/86" "North Carolina" ""
"7584" "00-0029114" "D.Waldron" "Dustin" "Waldron" "UNK" "UNK" "5/24/90" "Portland State" ""
"7585" "00-0027848" "C.Slate" "Cody" "Slate" "UNK" "UNK" "8/14/87" "Marshall" ""
"7586" "00-0027849" "M.Kopa" "Matt" "Kopa" "UNK" "UNK" "2/25/87" "Stanford" ""
"7587" "00-0027846" "T.Toone" "Tim" "Toone" "UNK" "UNK" "2/14/85" "Weber State" ""
"7588" "00-0031610" "" "Darren" "Waller" "BAL" "TE" "9/13/92" "Georgia Tech" ""
"7589" "00-0027844" "E.Lorig" "Erik" "Lorig" "UNK" "UNK" "11/17/86" "Stanford" ""
"7590" "00-0027845" "J.Hull" "Josh" "Hull" "UNK" "UNK" "5/21/87" "Penn State" ""
"7591" "00-0027842" "S.Brown" "Stevie" "Brown" "CAR" "DB" "7/17/87" "Michigan" ""
"7592" "00-0027843" "A.Spitler" "Austin" "Spitler" "UNK" "UNK" "10/26/86" "Ohio State" ""
"7593" "00-0027840" "R.McClain" "Robert" "McClain" "CAR" "DB" "7/22/88" "Connecticut" ""
"7594" "00-0027841" "Z.Robinson" "Zac" "Robinson" "UNK" "UNK" "9/29/86" "Oklahoma State" ""
"7595" "00-0023461" "C.Spencer" "Chris" "Spencer" "UNK" "UNK" "3/28/82" "Mississippi" ""
